0,0.63179,0.61734,0.49957,0.61696,0.52778,0.45958,0.47714,0.4761,0.46013,0.58962,0.54415,0.49738,0.52887,0.57698,0.44813,0.45688,0.3671,0.37039,0.3288,0.36825,0.35082,0.36424,0.39743,0.42627,0.31148,0.32162,0.34864,0.41064,0.39155,0.34358,0.39936,0.3274,0.28639,0.72233,0.60617,0.35842,0.38145,0.36483,0.44588,0.47891,0.55342,0.41321,0.34532,0.43656,0.37807,0.40585,0.43448,0.4457,0.39184,0.42707,0.30524,0.42107,0.27009,0.3576,0.37656,0.43071,0.37129,0.15839,0.34472,0.22876,0.32631,0.45942,0.41849,0.30301,0.27724,0.41506,0.42193,0.2263,0.31398,0.27243,0.3554,0.47532,0.32401,0.27336,0.38827,0.37789,0.27747,0.20076,0.325,0.27518,0.45339,0.36079,0.25432,0.37233,0.36877,0.44483,0.33125,0.35328,0.35871,0.24552,0.25305,0.18348,0.26959,0.24398,0.31579,0.2762,0.43989,0.34037,0.38729
0.63179,0,0.66763,0.58091,0.51137,0.47859,0.59044,0.37045,0.55681,0.60124,0.58453,0.55305,0.59624,0.58718,0.51395,0.45379,0.41732,0.35501,0.37126,0.34191,0.34078,0.33166,0.33948,0.33926,0.41342,0.28949,0.29757,0.31575,0.37283,0.36366,0.31963,0.36012,0.2828,0.25278,0.56212,0.56218,0.32324,0.3126,0.29221,0.43694,0.41199,0.49573,0.42079,0.30851,0.39843,0.38763,0.34895,0.39381,0.42688,0.37847,0.3856,0.29435,0.43667,0.25118,0.3537,0.38502,0.44421,0.34261,0.15006,0.32301,0.209,0.29757,0.35574,0.36211,0.26092,0.22948,0.36352,0.36058,0.21406,0.28645,0.27195,0.31518,0.43075,0.31113,0.25476,0.36206,0.42837,0.2674,0.20462,0.32652,0.2667,0.49521,0.34149,0.25888,0.35701,0.35124,0.42016,0.29735,0.30939,0.33223,0.30297,0.32101,0.19926,0.3007,0.25701,0.35232,0.31386,0.58197,0.35872,0.40891
0.61734,0.66763,0,1.0739,0.95605,1.0014,0.64388,0.75964,0.93484,0.74373,1.0603,1.3164,0.87306,0.95908,0.77797,0.49345,0.5109,0.39997,0.41226,0.41975,0.42668,0.3854,0.41871,0.43032,0.59218,0.3437,0.40133,0.43828,0.49585,0.4948,0.37559,0.47662,0.36621,0.34437,0.80665,0.73298,0.40136,0.41674,0.38507,0.5281,0.58043,0.76143,0.49449,0.38672,0.6038,0.40594,0.47328,0.46878,0.52515,0.46164,0.57045,0.31545,0.45439,0.35791,0.45484,0.46108,0.53279,0.51595,0.1339,0.3221,0.20525,0.21961,0.32403,0.25912,0.37815,0.27795,0.39741,0.40008,0.2568,0.32338,0.30538,0.40068,0.48617,0.44298,0.32302,0.41775,0.48124,0.30465,0.201,0.38802,0.3475,0.36202,0.34137,0.21411,0.28738,0.29019,0.43865,0.34315,0.42202,0.41064,0.17099,0.24387,0.19787,0.25145,0.25695,0.28944,0.23026,0.40369,0.26495,0.35351
0.49957,0.58091,1.0739,0,0.69423,0.84277,0.81196,0.55842,1.2057,0.98107,0.73014,1.0116,1.1276,0.96606,0.59102,0.52466,0.49206,0.43533,0.42876,0.47308,0.46034,0.39742,0.44244,0.43071,0.63426,0.37856,0.41866,0.46456,0.50436,0.50354,0.41271,0.47455,0.36434,0.3835,0.60186,0.63562,0.38927,0.39234,0.37226,0.52792,0.49481,0.63112,0.53913,0.43434,0.54091,0.4176,0.41275,0.45414,0.50077,0.48573,0.49868,0.3396,0.45922,0.3684,0.48194,0.51534,0.58363,0.54357,0.1241,0.30486,0.19549,0.22194,0.3132,0.25377,0.3879,0.29173,0.3891,0.36742,0.27615,0.28439,0.3219,0.38305,0.41835,0.46406,0.34217,0.38806,0.5564,0.33541,0.21177,0.42998,0.3573,0.35722,0.33926,0.23575,0.27009,0.27099,0.4238,0.34024,0.42136,0.36006,0.15036,0.24849,0.21832,0.23278,0.22227,0.314,0.25385,0.47308,0.28813,0.40926
0.61696,0.51137,0.95605,0.69423,0,0.8055,0.48855,0.97198,0.63673,0.55245,1.1149,1.024,0.6907,0.89186,0.85858,0.4961,0.55918,0.40134,0.42863,0.4388,0.44385,0.42714,0.44712,0.52035,0.63,0.38534,0.46345,0.54115,0.57404,0.58426,0.44687,0.56131,0.4373,0.39229,1.0625,0.9059,0.49246,0.50867,0.49418,0.58427,0.69702,0.90031,0.55243,0.48741,0.65233,0.42646,0.53031,0.51257,0.57645,0.53818,0.61657,0.32356,0.46511,0.34987,0.46178,0.47142,0.56118,0.53565,0.14042,0.3205,0.22916,0.2167,0.33479,0.25801,0.4156,0.31751,0.4381,0.43161,0.23034,0.33647,0.32411,0.43695,0.47895,0.4745,0.33815,0.40969,0.42516,0.31055,0.19162,0.37674,0.33518,0.37515,0.34909,0.21932,0.27966,0.28486,0.43508,0.3305,0.42661,0.40044,0.15723,0.22164,0.19592,0.23671,0.24255,0.28339,0.2236,0.32501,0.25401,0.37153
0.52778,0.47859,1.0014,0.84277,0.8055,0,0.61317,1.0447,1.0049,0.65937,0.85882,1.1515,0.76028,0.85447,0.69979,0.49139,0.49244,0.36351,0.36056,0.41227,0.39072,0.408,0.38067,0.41844,0.54703,0.32059,0.42288,0.43528,0.52861,0.5115,0.39318,0.52988,0.38918,0.40302,0.74272,0.64802,0.35995,0.41977,0.36347,0.58196,0.52866,0.68473,0.54946,0.45345,0.52112,0.4074,0.44211,0.47033,0.49163,0.43957,0.52076,0.30589,0.43242,0.31103,0.39861,0.43296,0.51616,0.49836,0.18779,0.35064,0.26386,0.21257,0.33849,0.25509,0.40105,0.35008,0.4886,0.47887,0.26776,0.37002,0.39267,0.44583,0.49243,0.48051,0.38855,0.49149,0.51086,0.36542,0.21233,0.40276,0.40469,0.42117,0.38898,0.31208,0.28112,0.32834,0.41359,0.38134,0.40428,0.40089,0.18986,0.26588,0.20184,0.27916,0.29999,0.35036,0.28581,0.42194,0.35619,0.48264
0.45958,0.59044,0.64388,0.81196,0.48855,0.61317,0,0.42794,0.8326,0.8703,0.51597,0.63213,0.82383,0.70464,0.44542,0.48034,0.43082,0.39817,0.37139,0.39919,0.41748,0.35773,0.40627,0.37638,0.50682,0.33571,0.37328,0.39024,0.44451,0.41729,0.36179,0.41475,0.32359,0.3506,0.48337,0.51618,0.32334,0.30574,0.31676,0.44327,0.36708,0.47186,0.46331,0.37871,0.4,0.36047,0.32317,0.38708,0.41655,0.39472,0.36809,0.31442,0.40506,0.28245,0.37735,0.43028,0.49463,0.41789,0.1542,0.30424,0.22935,0.22764,0.29752,0.28891,0.29557,0.24592,0.34707,0.35169,0.25507,0.26858,0.3074,0.32012,0.38102,0.37856,0.29786,0.34693,0.49571,0.32582,0.198,0.39024,0.32588,0.42365,0.34148,0.2628,0.29823,0.31746,0.39712,0.33009,0.35277,0.32502,0.26071,0.31669,0.21947,0.29856,0.25575,0.34902,0.30277,0.6341,0.38397,0.44301
0.47714,0.37045,0.75964,0.55842,0.97198,1.0447,0.42794,0,0.61143,0.44627,0.92652,0.94362,0.56233,0.73674,0.66565,0.40187,0.44775,0.28894,0.29465,0.36044,0.30862,0.34873,0.32661,0.36086,0.48818,0.26274,0.35824,0.36561,0.4635,0.4486,0.3168,0.47029,0.34835,0.32934,0.78772,0.60802,0.313,0.36863,0.31519,0.49344,0.51261,0.65838,0.43968,0.37143,0.45817,0.30209,0.41348,0.41575,0.45649,0.37746,0.49051,0.27432,0.3626,0.27246,0.3484,0.36209,0.42409,0.43643,0.16513,0.31716,0.25149,0.18528,0.30471,0.21496,0.36737,0.29827,0.41056,0.42918,0.20906,0.34529,0.33742,0.39963,0.43399,0.43667,0.33021,0.42443,0.399,0.32587,0.16373,0.32801,0.33328,0.34169,0.34162,0.25614,0.25458,0.28866,0.36514,0.33694,0.36681,0.37852,0.16047,0.21033,0.16382,0.23837,0.26338,0.26462,0.20466,0.28246,0.28698,0.37452
0.4761,0.55681,0.93484,1.2057,0.63673,1.0049,0.8326,0.61143,0,1.1693,0.70942,1.0345,1.1775,0.991,0.58323,0.53742,0.47118,0.41318,0.39948,0.50062,0.44911,0.40171,0.43088,0.40837,0.62232,0.35063,0.41047,0.44851,0.49913,0.48957,0.4118,0.47762,0.33556,0.39015,0.58168,0.60578,0.38517,0.40082,0.35542,0.56517,0.49525,0.62151,0.57038,0.44542,0.524,0.42829,0.42377,0.45902,0.49139,0.50545,0.49536,0.32463,0.47309,0.37992,0.49174,0.54494,0.60209,0.56815,0.13649,0.29153,0.2163,0.20581,0.32399,0.24283,0.41079,0.31538,0.41874,0.38454,0.28395,0.27261,0.34212,0.39465,0.41946,0.49905,0.35796,0.4073,0.60003,0.37183,0.21969,0.46328,0.38207,0.37317,0.3537,0.24847,0.26627,0.26141,0.40884,0.35322,0.40286,0.36615,0.14884,0.26606,0.2278,0.22899,0.2305,0.32955,0.27508,0.49144,0.31125,0.46338
0.46013,0.60124,0.74373,0.98107,0.55245,0.65937,0.8703,0.44627,1.1693,0,0.5724,0.7435,1.0941,0.84457,0.48425,0.53441,0.48667,0.45449,0.44844,0.5087,0.48541,0.41915,0.46556,0.42601,0.62004,0.38749,0.40844,0.45299,0.49189,0.48289,0.4207,0.45979,0.33178,0.38138,0.50654,0.57997,0.3964,0.37312,0.3679,0.49209,0.44246,0.54838,0.53813,0.4344,0.47833,0.40543,0.39628,0.45741,0.49038,0.51854,0.46495,0.29346,0.50252,0.38059,0.52335,0.56827,0.61799,0.55549,0.10296,0.29374,0.19609,0.22275,0.30733,0.26855,0.36198,0.27055,0.35067,0.32833,0.26483,0.23663,0.30089,0.34667,0.38781,0.44846,0.31617,0.34916,0.56338,0.34035,0.21511,0.44483,0.34219,0.36808,0.33306,0.22265,0.2774,0.25634,0.41666,0.33461,0.39203,0.34574,0.17743,0.26916,0.23279,0.23562,0.20703,0.31703,0.26602,0.56081,0.30401,0.43504
0.58962,0.58453,1.0603,0.73014,1.1149,0.85882,0.51597,0.92652,0.70942,0.5724,0,1.219,0.70542,0.98684,1.0182,0.39656,0.4303,0.292,0.32195,0.3575,0.32964,0.31186,0.37364,0.37364,0.52375,0.27579,0.33914,0.41542,0.43957,0.46937,0.35208,0.45269,0.31202,0.28395,0.95032,0.77596,0.38895,0.4715,0.38771,0.66558,0.68406,0.95168,0.56399,0.39713,0.62323,0.41949,0.50311,0.43022,0.47696,0.45435,0.5628,0.28321,0.38269,0.3201,0.39574,0.40431,0.51866,0.46848,0.11939,0.28401,0.17047,0.17881,0.29127,0.21492,0.39755,0.28783,0.41955,0.41604,0.20019,0.27628,0.27578,0.39803,0.45949,0.42844,0.2829,0.37062,0.43233,0.2666,0.16479,0.31006,0.28304,0.36173,0.29278,0.1561,0.21184,0.21122,0.33976,0.25737,0.34106,0.36089,0.11578,0.1566,0.15643,0.16538,0.19667,0.22204,0.17614,0.33475,0.19634,0.35377
0.54415,0.55305,1.3164,1.0116,1.024,1.1515,0.63213,0.94362,1.0345,0.7435,1.219,0,0.93759,1.1645,0.85727,0.45636,0.48882,0.35213,0.3648,0.41666,0.38449,0.37994,0.40304,0.4222,0.61587,0.32448,0.41914,0.45957,0.52004,0.53659,0.37302,0.52595,0.37508,0.36419,0.80595,0.73116,0.36928,0.43205,0.3782,0.61147,0.6061,0.8442,0.55385,0.43215,0.59456,0.38478,0.46339,0.46342,0.50301,0.44881,0.55598,0.29667,0.43006,0.33479,0.42592,0.44572,0.54182,0.52719,0.14143,0.30911,0.2037,0.20338,0.30917,0.22832,0.40232,0.30573,0.43439,0.40925,0.2268,0.30653,0.32076,0.41433,0.45084,0.46587,0.32437,0.40297,0.50062,0.32226,0.19038,0.3654,0.33594,0.34524,0.3183,0.21036,0.25644,0.25265,0.39398,0.32589,0.39882,0.38178,0.13548,0.20298,0.18373,0.20454,0.23359,0.25876,0.19492,0.34909,0.25248,0.38061
0.49738,0.59624,0.87306,1.1276,0.6907,0.76028,0.82383,0.56233,1.1775,1.0941,0.70542,0.93759,0,1.22,0.61854,0.56913,0.54802,0.46746,0.4585,0.5449,0.49879,0.44761,0.51707,0.45466,0.70076,0.41453,0.44716,0.53655,0.55431,0.57538,0.45528,0.55375,0.39057,0.42838,0.59377,0.71374,0.40385,0.41372,0.39218,0.65527,0.53012,0.66649,0.67943,0.52324,0.54197,0.46241,0.41715,0.52363,0.57015,0.55961,0.51653,0.34362,0.53006,0.41493,0.53396,0.59361,0.72871,0.61002,0.13064,0.31207,0.23701,0.22392,0.33831,0.26475,0.44912,0.34033,0.46445,0.3817,0.2909,0.26929,0.38202,0.40576,0.42966,0.55606,0.39535,0.42389,0.82718,0.46397,0.22958,0.4927,0.39396,0.45179,0.42265,0.30279,0.28022,0.29177,0.46697,0.39641,0.45685,0.37121,0.15866,0.29006,0.2577,0.25413,0.24215,0.37486,0.29783,0.59676,0.4049,0.57765
0.52887,0.58718,0.95908,0.96606,0.89186,0.85447,0.70464,0.73674,0.991,0.84457,0.98684,1.1645,1.22,0,0.82819,0.52525,0.52551,0.39446,0.42075,0.51481,0.45563,0.41593,0.49705,0.43981,0.68286,0.37345,0.43106,0.55053,0.54651,0.5825,0.45586,0.55385,0.38004,0.39594,0.78312,0.81086,0.42348,0.50412,0.4087,0.80811,0.66699,0.87203,0.74076,0.52989,0.65045,0.50292,0.5147,0.51875,0.57511,0.58219,0.59394,0.33616,0.49898,0.43221,0.52956,0.57195,0.72991,0.63058,0.13893,0.31582,0.208,0.19145,0.31244,0.23307,0.51003,0.39375,0.52494,0.43034,0.28574,0.28724,0.37571,0.46889,0.48238,0.57539,0.38858,0.4369,0.74298,0.42852,0.21289,0.45317,0.38562,0.42135,0.36363,0.25418,0.22592,0.23234,0.40586,0.35299,0.4206,0.38759,0.10786,0.21746,0.2205,0.19289,0.22126,0.30395,0.25146,0.44802,0.29119,0.5379
0.57698,0.51395,0.77797,0.59102,0.85858,0.69979,0.44542,0.66565,0.58323,0.48425,1.0182,0.85727,0.61854,0.82819,0,0.38194,0.41913,0.2835,0.307,0.31061,0.31789,0.30781,0.34592,0.41114,0.46678,0.28404,0.34078,0.43461,0.45285,0.48781,0.37064,0.45454,0.32684,0.27857,0.97065,0.74466,0.43286,0.68628,0.4522,0.86653,0.83712,1.0288,0.59019,0.42143,0.64129,0.56849,0.58635,0.42552,0.45525,0.43014,0.58075,0.24563,0.36186,0.34679,0.37732,0.39754,0.495,0.44572,0.14132,0.28277,0.18291,0.15889,0.28741,0.22898,0.45468,0.53529,0.81241,0.59011,0.25358,0.34627,0.35143,0.53856,0.6284,0.42606,0.36044,0.49676,0.53984,0.31845,0.21388,0.34074,0.33025,0.53263,0.28688,0.28616,0.15736,0.22022,0.31108,0.23371,0.30546,0.31578,0.10233,0.15427,0.13499,0.12881,0.17395,0.31906,0.28132,0.37199,0.24426,0.46552
0.44813,0.45379,0.49345,0.52466,0.4961,0.49139,0.48034,0.40187,0.53742,0.53441,0.39656,0.45636,0.56913,0.52525,0.38194,0,0.90192,0.73696,0.70349,0.68946,0.67029,0.64758,0.54146,0.55536,0.68615,0.53976,0.563,0.56108,0.6341,0.59202,0.53565,0.57105,0.51076,0.56693,0.48553,0.58092,0.48662,0.40642,0.44514,0.40181,0.41938,0.46658,0.48302,0.54791,0.47236,0.40803,0.45913,0.5039,0.56874,0.65683,0.49209,0.43833,0.78076,0.39751,0.6049,0.63198,0.61963,0.59085,0.19432,0.38814,0.28983,0.30884,0.37046,0.32476,0.38397,0.34056,0.38231,0.36942,0.35086,0.37877,0.40934,0.43606,0.44914,0.50546,0.39241,0.42549,0.44144,0.37984,0.26716,0.5405,0.43305,0.35375,0.40275,0.33046,0.39401,0.38404,0.56878,0.40989,0.48096,0.43627,0.29822,0.3943,0.29676,0.38993,0.3696,0.42634,0.34714,0.40571,0.3622,0.41836
0.45688,0.41732,0.5109,0.49206,0.55918,0.49244,0.43082,0.44775,0.47118,0.48667,0.4303,0.48882,0.54802,0.52551,0.41913,0.90192,0,0.61846,0.64476,0.59485,0.65127,0.64814,0.49559,0.55276,0.68517,0.48347,0.54413,0.52374,0.61968,0.57888,0.47472,0.57701,0.5044,0.52785,0.53486,0.61979,0.45711,0.4249,0.42741,0.40143,0.44434,0.48467,0.46233,0.5088,0.47437,0.38696,0.45437,0.57287,0.67309,0.60066,0.50559,0.38692,0.70802,0.36554,0.53622,0.5365,0.57006,0.5472,0.19664,0.39461,0.29293,0.28056,0.36115,0.29942,0.39405,0.36467,0.41039,0.42517,0.30447,0.4223,0.43243,0.46328,0.47099,0.50689,0.41298,0.45716,0.42117,0.37472,0.242,0.47929,0.41024,0.35899,0.42054,0.35929,0.39234,0.41388,0.65102,0.45219,0.57033,0.45383,0.29646,0.38639,0.25988,0.37995,0.36186,0.42418,0.32674,0.37415,0.37417,0.41303
0.3671,0.35501,0.39997,0.43533,0.40134,0.36351,0.39817,0.28894,0.41318,0.45449,0.292,0.35213,0.46746,0.39446,0.2835,0.73696,0.61846,0,0.70651,0.59818,0.72351,0.61604,0.52386,0.57622,0.65163,0.57291,0.56681,0.53266,0.60362,0.58171,0.48236,0.53959,0.5076,0.53811,0.38564,0.46744,0.45196,0.32857,0.4482,0.29069,0.33801,0.36524,0.37547,0.51763,0.39813,0.33378,0.36225,0.40095,0.45161,0.54848,0.39007,0.35048,0.59141,0.34607,0.57818,0.56083,0.50617,0.50997,0.12887,0.31821,0.21861,0.26107,0.30028,0.28279,0.28664,0.2332,0.27251,0.28681,0.27968,0.28955,0.28704,0.31878,0.34094,0.36517,0.2969,0.30981,0.32448,0.27569,0.22267,0.43142,0.34339,0.28304,0.31587,0.24596,0.35234,0.31948,0.4854,0.31991,0.41836,0.35904,0.23766,0.32092,0.24038,0.32328,0.27728,0.32378,0.24862,0.35527,0.29717,0.29796
0.37039,0.37126,0.41226,0.42876,0.42863,0.36056,0.37139,0.29465,0.39948,0.44844,0.32195,0.3648,0.4585,0.42075,0.307,0.70349,0.64476,0.70651,0,0.54626,0.64108,0.5309,0.51333,0.56548,0.6071,0.57554,0.54693,0.55719,0.59608,0.59029,0.51769,0.53928,0.50971,0.52054,0.40919,0.51251,0.4546,0.35742,0.45235,0.30874,0.37081,0.39949,0.40209,0.54261,0.43179,0.34688,0.38776,0.44816,0.51761,0.64025,0.44039,0.33245,0.60289,0.37058,0.56276,0.57787,0.54918,0.54362,0.11393,0.32149,0.20557,0.25159,0.29885,0.26297,0.30411,0.24713,0.27581,0.28008,0.27934,0.29093,0.28854,0.32965,0.36159,0.38562,0.29225,0.3076,0.32725,0.26301,0.22838,0.41771,0.33568,0.27797,0.30955,0.22076,0.3239,0.28121,0.46363,0.3057,0.40438,0.36517,0.21892,0.30067,0.22621,0.30021,0.26482,0.30718,0.24398,0.3275,0.2644,0.29041
0.3288,0.34191,0.41975,0.47308,0.4388,0.41227,0.39919,0.36044,0.50062,0.5087,0.3575,0.41666,0.5449,0.51481,0.31061,0.68946,0.59485,0.59818,0.54626,0,0.75371,0.64942,0.50466,0.51861,0.72944,0.5097,0.48223,0.57059,0.56642,0.55244,0.55696,0.46067,0.39506,0.48203,0.41793,0.50952,0.57142,0.39324,0.45688,0.36342,0.40645,0.42606,0.46868,0.5247,0.47685,0.35755,0.49537,0.4241,0.50573,0.76674,0.52351,0.46457,0.63418,0.42777,0.80252,0.71877,0.61773,0.71525,0.10678,0.24612,0.15011,0.22435,0.27974,0.22227,0.39834,0.25723,0.25411,0.26385,0.26751,0.23013,0.28001,0.36918,0.32516,0.48327,0.28998,0.28081,0.35759,0.27016,0.17499,0.41878,0.29723,0.19662,0.24997,0.15033,0.25558,0.20193,0.41081,0.28049,0.38796,0.34439,0.10659,0.20831,0.23437,0.19123,0.19702,0.24594,0.18962,0.23972,0.14951,0.2618
0.36825,0.34078,0.42668,0.46034,0.44385,0.39072,0.41748,0.30862,0.44911,0.48541,0.32964,0.38449,0.49879,0.45563,0.31789,0.67029,0.65127,0.72351,0.64108,0.75371,0,0.64766,0.53917,0.76221,0.72849,0.60098,0.59909,0.66575,0.65703,0.62711,0.5993,0.51245,0.45578,0.49975,0.44971,0.53608,0.65822,0.43469,0.60747,0.34839,0.43641,0.44492,0.45329,0.58259,0.50945,0.37906,0.45108,0.43133,0.51177,0.75341,0.48004,0.37371,0.64413,0.40513,0.72235,0.67282,0.59852,0.64223,0.12641,0.28518,0.18145,0.2325,0.29693,0.26015,0.34992,0.25049,0.26956,0.2846,0.26566,0.2611,0.27498,0.3681,0.36369,0.42715,0.29008,0.29857,0.32973,0.26244,0.21098,0.41975,0.31189,0.24253,0.2781,0.18224,0.29133,0.25377,0.45843,0.29637,0.41196,0.35461,0.17147,0.24503,0.20937,0.23561,0.22613,0.28002,0.21988,0.29602,0.21578,0.27683
0.35082,0.33166,0.3854,0.39742,0.42714,0.408,0.35773,0.34873,0.40171,0.41915,0.31186,0.37994,0.44761,0.41593,0.30781,0.64758,0.64814,0.61604,0.5309,0.64942,0.64766,0,0.42427,0.57203,0.7962,0.47607,0.57708,0.52599,0.62655,0.56974,0.4773,0.53446,0.53941,0.59696,0.41081,0.46597,0.48735,0.35242,0.40333,0.29717,0.33563,0.38253,0.37421,0.48006,0.37925,0.32286,0.36165,0.39454,0.44554,0.46352,0.4366,0.29619,0.51102,0.25182,0.4868,0.4796,0.44107,0.51248,0.17029,0.31819,0.24719,0.26993,0.329,0.27594,0.27058,0.27658,0.31013,0.33689,0.2304,0.32584,0.33994,0.33427,0.37791,0.38128,0.34141,0.35143,0.28579,0.2621,0.20256,0.36416,0.36641,0.29715,0.32576,0.2936,0.35263,0.35307,0.48413,0.36115,0.4236,0.34727,0.25416,0.27924,0.20385,0.34172,0.34567,0.36141,0.28815,0.29817,0.29981,0.32064
0.36424,0.33948,0.41871,0.44244,0.44712,0.38067,0.40627,0.32661,0.43088,0.46556,0.37364,0.40304,0.51707,0.49705,0.34592,0.54146,0.49559,0.52386,0.51333,0.50466,0.53917,0.42427,0,0.4946,0.60225,0.58803,0.46819,0.54319,0.5449,0.55815,0.52791,0.50715,0.43711,0.44982,0.42863,0.51593,0.43367,0.37412,0.45325,0.39201,0.40717,0.45179,0.507,0.52603,0.49465,0.40166,0.41182,0.4028,0.46347,0.58626,0.45152,0.31524,0.52156,0.38082,0.54992,0.60947,0.66277,0.5794,0.10378,0.28122,0.18171,0.18655,0.26652,0.2223,0.38132,0.24418,0.26349,0.26825,0.25436,0.23131,0.27862,0.3518,0.33286,0.45649,0.30113,0.29525,0.37774,0.2883,0.2111,0.43577,0.3463,0.27156,0.30977,0.16802,0.26816,0.21674,0.40458,0.27987,0.37355,0.35142,0.151,0.26665,0.22501,0.24219,0.2351,0.27694,0.20809,0.30633,0.22193,0.32214
0.39743,0.33926,0.43032,0.43071,0.52035,0.41844,0.37638,0.36086,0.40837,0.42601,0.37364,0.4222,0.45466,0.43981,0.41114,0.55536,0.55276,0.57622,0.56548,0.51861,0.76221,0.57203,0.4946,0,0.73326,0.62666,0.89803,0.80707,0.95831,0.83952,0.70541,0.5759,0.55292,0.49337,0.51795,0.55939,0.75409,0.53816,0.89437,0.40007,0.52969,0.57123,0.47567,0.63994,0.54512,0.43035,0.42992,0.41039,0.46354,0.56292,0.47769,0.30627,0.52337,0.30184,0.5131,0.55784,0.50704,0.5501,0.15166,0.29169,0.22673,0.24431,0.29949,0.25783,0.32374,0.30848,0.3603,0.34697,0.23191,0.30717,0.31964,0.36447,0.40448,0.4235,0.33992,0.37024,0.31013,0.2483,0.20188,0.38455,0.36542,0.31703,0.32986,0.26241,0.3262,0.30993,0.46301,0.32246,0.39421,0.3479,0.22109,0.25924,0.20005,0.30072,0.3039,0.37402,0.28936,0.31352,0.27282,0.33737
0.42627,0.41342,0.59218,0.63426,0.63,0.54703,0.50682,0.48818,0.62232,0.62004,0.52375,0.61587,0.70076,0.68286,0.46678,0.68615,0.68517,0.65163,0.6071,0.72944,0.72849,0.7962,0.60225,0.73326,0,0.60866,0.78116,0.69902,0.84945,0.75692,0.62562,0.61568,0.55979,0.62955,0.55798,0.64815,0.567,0.46615,0.55204,0.44028,0.50788,0.58975,0.53724,0.58993,0.65748,0.45305,0.52498,0.49447,0.58007,0.65034,0.64055,0.37183,0.5984,0.42512,0.65977,0.68665,0.66063,0.77795,0.15535,0.32358,0.23005,0.25268,0.33786,0.2596,0.41841,0.31542,0.34616,0.35501,0.28033,0.32242,0.34977,0.42908,0.4468,0.53299,0.38032,0.39669,0.40331,0.31397,0.229,0.47119,0.42111,0.30622,0.34372,0.23764,0.32973,0.30969,0.52286,0.3619,0.48605,0.42945,0.18735,0.27272,0.24305,0.29809,0.31205,0.35449,0.26913,0.32234,0.25511,0.35031
0.31148,0.28949,0.3437,0.37856,0.38534,0.32059,0.33571,0.26274,0.35063,0.38749,0.27579,0.32448,0.41453,0.37345,0.28404,0.53976,0.48347,0.57291,0.57554,0.5097,0.60098,0.47607,0.58803,0.62666,0.60866,0,0.61492,0.59861,0.69526,0.61546,0.64529,0.54501,0.57089,0.52625,0.37486,0.4548,0.47071,0.36043,0.50659,0.31621,0.35543,0.39028,0.4238,0.57446,0.45742,0.36629,0.37196,0.37316,0.41202,0.54447,0.39451,0.28913,0.49113,0.33882,0.52243,0.63737,0.54566,0.5918,0.12286,0.26769,0.19601,0.21418,0.26038,0.23156,0.28646,0.22676,0.2619,0.25518,0.24194,0.25022,0.28889,0.31384,0.31994,0.40176,0.29476,0.28767,0.30051,0.24849,0.20978,0.40286,0.33805,0.26734,0.28778,0.20551,0.29199,0.26024,0.41428,0.28486,0.36471,0.31536,0.2112,0.28532,0.2177,0.28412,0.26611,0.31596,0.23591,0.28874,0.24928,0.29022
0.32162,0.29757,0.40133,0.41866,0.46345,0.42288,0.37328,0.35824,0.41047,0.40844,0.33914,0.41914,0.44716,0.43106,0.34078,0.563,0.54413,0.56681,0.54693,0.48223,0.59909,0.57708,0.46819,0.89803,0.78116,0.61492,0,0.71022,1.0611,0.77381,0.62329,0.59318,0.62164,0.66697,0.4171,0.48921,0.46478,0.37528,0.542,0.31496,0.37779,0.44174,0.39657,0.57774,0.45499,0.36225,0.34774,0.38095,0.41406,0.42194,0.44224,0.28944,0.45448,0.24433,0.41564,0.48518,0.46763,0.52176,0.15813,0.30556,0.25199,0.22185,0.28068,0.22197,0.25023,0.26129,0.31531,0.31331,0.22279,0.32305,0.34099,0.32475,0.35974,0.41342,0.34259,0.35474,0.27352,0.25028,0.19739,0.36252,0.39016,0.29892,0.31829,0.27888,0.31395,0.33875,0.44803,0.34556,0.39707,0.34354,0.26787,0.30387,0.199,0.37083,0.37803,0.39515,0.30785,0.30129,0.30765,0.33022
0.34864,0.31575,0.43828,0.46456,0.54115,0.43528,0.39024,0.36561,0.44851,0.45299,0.41542,0.45957,0.53655,0.55053,0.43461,0.56108,0.52374,0.53266,0.55719,0.57059,0.66575,0.52599,0.54319,0.80707,0.69902,0.59861,0.71022,0,0.77185,0.93136,0.79787,0.63807,0.56373,0.61997,0.51898,0.60596,0.62694,0.53141,0.77524,0.49879,0.54849,0.6321,0.6465,0.88865,0.6029,0.47608,0.42898,0.4117,0.46759,0.69595,0.50241,0.3092,0.5235,0.33821,0.56396,0.65114,0.6754,0.65987,0.10856,0.25541,0.18193,0.19521,0.27735,0.21498,0.37447,0.30367,0.34003,0.31464,0.22897,0.24601,0.3154,0.37916,0.34952,0.50873,0.33757,0.3199,0.35989,0.26731,0.19217,0.40506,0.37007,0.31228,0.29466,0.21171,0.25685,0.23881,0.40296,0.2889,0.37873,0.31214,0.14625,0.23532,0.21175,0.2596,0.29086,0.34623,0.26686,0.29829,0.23289,0.36849
0.41064,0.37283,0.49585,0.50436,0.57404,0.52861,0.44451,0.4635,0.49913,0.49189,0.43957,0.52004,0.55431,0.54651,0.45285,0.6341,0.61968,0.60362,0.59608,0.56642,0.65703,0.62655,0.5449,0.95831,0.84945,0.69526,1.0611,0.77185,0,0.94735,0.73773,0.7092,0.70501,0.72375,0.55171,0.60316,0.55212,0.47457,0.63053,0.44804,0.50463,0.57833,0.53168,0.69823,0.5415,0.44862,0.4229,0.46408,0.50692,0.54474,0.49747,0.33118,0.55602,0.30815,0.51487,0.60395,0.58722,0.62611,0.18205,0.33929,0.28734,0.25985,0.3467,0.28313,0.3515,0.34223,0.41592,0.40705,0.2575,0.36242,0.39545,0.40574,0.43213,0.4982,0.40404,0.43922,0.38614,0.32177,0.23282,0.43529,0.4421,0.38666,0.3904,0.33402,0.35736,0.38175,0.5028,0.39216,0.44658,0.38961,0.25605,0.31188,0.22577,0.3682,0.38389,0.43585,0.34739,0.36983,0.35497,0.42037
0.39155,0.36366,0.4948,0.50354,0.58426,0.5115,0.41729,0.4486,0.48957,0.48289,0.46937,0.53659,0.57538,0.5825,0.48781,0.59202,0.57888,0.58171,0.59029,0.55244,0.62711,0.56974,0.55815,0.83952,0.75692,0.61546,0.77381,0.93136,0.94735,0,0.68335,0.7988,0.65735,0.6838,0.55246,0.62628,0.53304,0.51822,0.63783,0.51381,0.55921,0.64451,0.6243,0.8637,0.57293,0.48676,0.42195,0.44787,0.50595,0.60846,0.50007,0.31925,0.53911,0.33769,0.52281,0.61608,0.63008,0.63127,0.13818,0.29263,0.23708,0.2306,0.3129,0.25764,0.39029,0.35298,0.4239,0.37316,0.24424,0.30427,0.36206,0.40962,0.407,0.50862,0.38235,0.4061,0.40762,0.31254,0.22159,0.41931,0.42089,0.36937,0.35426,0.29197,0.28584,0.30467,0.4489,0.33589,0.41125,0.33983,0.18332,0.25506,0.21284,0.29542,0.33822,0.3999,0.31032,0.34424,0.30308,0.42498
0.34358,0.31963,0.37559,0.41271,0.44687,0.39318,0.36179,0.3168,0.4118,0.4207,0.35208,0.37302,0.45528,0.45586,0.37064,0.53565,0.47472,0.48236,0.51769,0.55696,0.5993,0.4773,0.52791,0.70541,0.62562,0.64529,0.62329,0.79787,0.73773,0.68335,0,0.55667,0.546,0.55888,0.47321,0.55245,0.63958,0.54797,0.70706,0.48911,0.50888,0.56128,0.62088,0.74277,0.66042,0.5757,0.50108,0.40321,0.46471,0.69648,0.53778,0.31206,0.53018,0.37643,0.59423,0.72946,0.65476,0.75013,0.14692,0.26454,0.21093,0.18918,0.26712,0.20251,0.41513,0.31898,0.31848,0.31227,0.26128,0.27171,0.35661,0.41788,0.38522,0.56401,0.3915,0.35388,0.34805,0.26478,0.20375,0.42781,0.39156,0.31624,0.29967,0.19687,0.26261,0.23722,0.40625,0.2915,0.36534,0.343,0.17898,0.26104,0.22399,0.27677,0.30989,0.37915,0.29611,0.28941,0.20892,0.36258
0.39936,0.36012,0.47662,0.47455,0.56131,0.52988,0.41475,0.47029,0.47762,0.45979,0.45269,0.52595,0.55375,0.55385,0.45454,0.57105,0.57701,0.53959,0.53928,0.46067,0.51245,0.53446,0.50715,0.5759,0.61568,0.54501,0.59318,0.63807,0.7092,0.7988,0.55667,0,0.90491,0.70373,0.52538,0.56476,0.41868,0.42969,0.45836,0.4878,0.45328,0.56908,0.62255,0.8073,0.47054,0.41121,0.37553,0.43508,0.4687,0.52203,0.44285,0.29682,0.51476,0.28625,0.43865,0.5461,0.62523,0.5556,0.1605,0.32299,0.27054,0.24653,0.33969,0.26595,0.36236,0.327,0.40425,0.37914,0.22176,0.31204,0.37656,0.38268,0.37316,0.48805,0.38199,0.38446,0.39889,0.33117,0.22552,0.41325,0.41924,0.37234,0.36823,0.30105,0.31109,0.33768,0.45135,0.36826,0.40834,0.33791,0.22589,0.2889,0.22438,0.33615,0.36229,0.39632,0.30594,0.35265,0.33541,0.44766
0.3274,0.2828,0.36621,0.36434,0.4373,0.38918,0.32359,0.34835,0.33556,0.33178,0.31202,0.37508,0.39057,0.38004,0.32684,0.51076,0.5044,0.5076,0.50971,0.39506,0.45578,0.53941,0.43711,0.55292,0.55979,0.57089,0.62164,0.56373,0.70501,0.65735,0.546,0.90491,0,0.76992,0.40733,0.442,0.38316,0.3414,0.4112,0.30356,0.33993,0.40518,0.38324,0.57052,0.39786,0.34556,0.3064,0.35396,0.37841,0.37044,0.38812,0.25185,0.3965,0.21236,0.34529,0.42973,0.42047,0.47946,0.16012,0.29941,0.28609,0.21826,0.27461,0.23178,0.24568,0.27805,0.33564,0.33917,0.22111,0.32121,0.36576,0.33432,0.34848,0.37923,0.355,0.35655,0.26831,0.26156,0.19609,0.35908,0.40852,0.31724,0.33136,0.31357,0.32146,0.35975,0.42592,0.34136,0.37999,0.31694,0.28169,0.30462,0.19962,0.38976,0.40353,0.39638,0.31222,0.29824,0.3174,0.3434
0.28639,0.25278,0.34437,0.3835,0.39229,0.40302,0.3506,0.32934,0.39015,0.38138,0.28395,0.36419,0.42838,0.39594,0.27857,0.56693,0.52785,0.53811,0.52054,0.48203,0.49975,0.59696,0.44982,0.49337,0.62955,0.52625,0.66697,0.61997,0.72375,0.6838,0.55888,0.70373,0.76992,0,0.35448,0.41509,0.37317,0.3196,0.39476,0.30016,0.30856,0.37142,0.41372,0.61489,0.3992,0.34739,0.30827,0.36045,0.38804,0.42928,0.39325,0.27666,0.43623,0.23323,0.40205,0.48647,0.48852,0.52967,0.14393,0.28806,0.27357,0.20727,0.26853,0.21745,0.253,0.24516,0.28487,0.30262,0.23053,0.29666,0.34815,0.31759,0.30749,0.42723,0.35327,0.34085,0.2857,0.27786,0.19808,0.39839,0.42949,0.27927,0.32069,0.28676,0.31311,0.33408,0.43114,0.35552,0.39167,0.32636,0.25794,0.31994,0.22734,0.39739,0.41726,0.39799,0.30835,0.29565,0.3194,0.34667
0.72233,0.56212,0.80665,0.60186,1.0625,0.74272,0.48337,0.78772,0.58168,0.50654,0.95032,0.80595,0.59377,0.78312,0.97065,0.48553,0.53486,0.38564,0.40919,0.41793,0.44971,0.41081,0.42863,0.51795,0.55798,0.37486,0.4171,0.51898,0.55171,0.55246,0.47321,0.52538,0.40733,0.35448,0,0.89163,0.57086,0.69496,0.55129,0.73085,0.82772,0.99394,0.62226,0.50152,0.68508,0.53878,0.65108,0.51923,0.57128,0.5829,0.64532,0.31236,0.48942,0.37817,0.50042,0.49518,0.57909,0.53974,0.15344,0.36428,0.21415,0.23375,0.36896,0.30445,0.48692,0.43889,0.58924,0.58341,0.25941,0.36084,0.33129,0.53402,0.60125,0.46478,0.34463,0.46914,0.44402,0.31138,0.21317,0.38572,0.34091,0.48635,0.35138,0.23778,0.26015,0.28332,0.428,0.3172,0.40427,0.41252,0.15759,0.20203,0.18215,0.20337,0.22285,0.31467,0.25931,0.3806,0.25445,0.42723
0.60617,0.56218,0.73298,0.63562,0.9059,0.64802,0.51618,0.60802,0.60578,0.57997,0.77596,0.73116,0.71374,0.81086,0.74466,0.58092,0.61979,0.46744,0.51251,0.50952,0.53608,0.46597,0.51593,0.55939,0.64815,0.4548,0.48921,0.60596,0.60316,0.62628,0.55245,0.56476,0.442,0.41509,0.89163,0,0.54426,0.5768,0.55172,0.69214,0.71581,0.84344,0.74179,0.57808,0.68794,0.56134,0.59914,0.74458,0.77146,0.71938,0.65419,0.36751,0.54668,0.41532,0.55241,0.59379,0.71495,0.62776,0.14694,0.35936,0.25879,0.25783,0.3872,0.28615,0.55035,0.39356,0.51021,0.51882,0.28307,0.35336,0.38239,0.49784,0.5843,0.56384,0.41287,0.49819,0.55586,0.36122,0.23775,0.44189,0.40443,0.61072,0.53172,0.29898,0.34024,0.35017,0.53947,0.40938,0.4829,0.46003,0.21557,0.29179,0.22814,0.30894,0.29147,0.4029,0.32766,0.46159,0.36607,0.56321
0.35842,0.32324,0.40136,0.38927,0.49246,0.35995,0.32334,0.313,0.38517,0.3964,0.38895,0.36928,0.40385,0.42348,0.43286,0.48662,0.45711,0.45196,0.4546,0.57142,0.65822,0.48735,0.43367,0.75409,0.567,0.47071,0.46478,0.62694,0.55212,0.53304,0.63958,0.41868,0.38316,0.37317,0.57086,0.54426,0,0.71697,0.84,0.45144,0.65318,0.62676,0.49791,0.53575,0.63873,0.48705,0.65241,0.37168,0.43547,0.77506,0.58475,0.33031,0.54071,0.41973,0.67369,0.59385,0.55715,0.61104,0.096144,0.25308,0.1093,0.18654,0.23356,0.18979,0.42114,0.33012,0.31039,0.26606,0.25011,0.22587,0.24077,0.45102,0.41379,0.44186,0.27478,0.28166,0.25714,0.19473,0.20435,0.36683,0.29553,0.19024,0.188,0.083686,0.177,0.11451,0.33266,0.18248,0.30808,0.32335,0.080056,0.15354,0.19177,0.13264,0.14978,0.23512,0.17171,0.19591,0.056508,0.21018
0.38145,0.3126,0.41674,0.39234,0.50867,0.41977,0.30574,0.36863,0.40082,0.37312,0.4715,0.43205,0.41372,0.50412,0.68628,0.40642,0.4249,0.32857,0.35742,0.39324,0.43469,0.35242,0.37412,0.53816,0.46615,0.36043,0.37528,0.53141,0.47457,0.51822,0.54797,0.42969,0.3414,0.3196,0.69496,0.5768,0.71697,0,0.73533,0.73474,0.96895,0.81687,0.61041,0.52425,0.70449,0.72413,0.81066,0.39165,0.43612,0.6618,0.6448,0.27381,0.47239,0.46734,0.55675,0.53034,0.56865,0.57237,0.12577,0.27218,0.11326,0.1438,0.24389,0.18986,0.69736,0.80729,0.68125,0.49504,0.29192,0.32734,0.33558,0.69772,0.59511,0.51639,0.42114,0.48136,0.38711,0.2539,0.22456,0.40339,0.39282,0.31678,0.1937,0.21663,0.084957,0.097886,0.25768,0.16677,0.27972,0.33015,-0.0064207,0.10902,0.15496,0.060178,0.12525,0.2915,0.25779,0.19322,0.055778,0.32615
0.36483,0.29221,0.38507,0.37226,0.49418,0.36347,0.31676,0.31519,0.35542,0.3679,0.38771,0.3782,0.39218,0.4087,0.4522,0.44514,0.42741,0.4482,0.45235,0.45688,0.60747,0.40333,0.45325,0.89437,0.55204,0.50659,0.542,0.77524,0.63053,0.63783,0.70706,0.45836,0.4112,0.39476,0.55129,0.55172,0.84,0.73533,0,0.495,0.64518,0.66593,0.55082,0.64062,0.63927,0.48812,0.51312,0.36031,0.40606,0.65437,0.49968,0.28284,0.46668,0.35589,0.55174,0.56702,0.55678,0.55787,0.090409,0.23498,0.13912,0.17735,0.24227,0.19859,0.3752,0.30005,0.32788,0.30012,0.22233,0.21685,0.25019,0.37958,0.37507,0.42485,0.29299,0.28872,0.29019,0.20228,0.18694,0.35936,0.29966,0.26842,0.24143,0.14035,0.20963,0.16779,0.3383,0.21224,0.30348,0.29074,0.10899,0.17629,0.18487,0.17729,0.19206,0.27628,0.20071,0.23897,0.14559,0.27909
0.44588,0.43694,0.5281,0.52792,0.58427,0.58196,0.44327,0.49344,0.56517,0.49209,0.66558,0.61147,0.65527,0.80811,0.86653,0.40181,0.40143,0.29069,0.30874,0.36342,0.34839,0.29717,0.39201,0.40007,0.44028,0.31621,0.31496,0.49879,0.44804,0.51381,0.48911,0.4878,0.30356,0.30016,0.73085,0.69214,0.45144,0.73474,0.495,0,0.81734,0.95378,0.98047,0.58954,0.61873,0.74106,0.54228,0.44472,0.48331,0.57081,0.50811,0.26486,0.42464,0.41059,0.44757,0.51337,0.70351,0.52409,0.12775,0.22409,0.16346,0.13559,0.28589,0.20732,0.6269,0.59509,0.76194,0.52223,0.26947,0.26179,0.42057,0.54427,0.4956,0.59062,0.45035,0.47025,0.72277,0.40054,0.20214,0.43379,0.37203,0.5594,0.33038,0.28716,0.11228,0.14784,0.29041,0.25501,0.30817,0.27596,0.022059,0.16581,0.17107,0.095377,0.14207,0.37216,0.32897,0.41627,0.23947,0.68051
0.47891,0.41199,0.58043,0.49481,0.69702,0.52866,0.36708,0.51261,0.49525,0.44246,0.68406,0.6061,0.53012,0.66699,0.83712,0.41938,0.44434,0.33801,0.37081,0.40645,0.43641,0.33563,0.40717,0.52969,0.50788,0.35543,0.37779,0.54849,0.50463,0.55921,0.50888,0.45328,0.33993,0.30856,0.82772,0.71581,0.65318,0.96895,0.64518,0.81734,0,1.0561,0.67797,0.52323,0.73872,0.66678,0.76019,0.44131,0.49147,0.65691,0.68268,0.28069,0.46245,0.48273,0.54729,0.5401,0.62703,0.58645,0.11587,0.26883,0.13662,0.16153,0.27837,0.20409,0.61929,0.6108,0.72589,0.49275,0.28413,0.31351,0.33258,0.62603,0.61557,0.52714,0.39174,0.46479,0.47192,0.30035,0.2125,0.39895,0.36624,0.36157,0.24916,0.21438,0.11115,0.115,0.29812,0.20347,0.3082,0.35374,0.00076979,0.11931,0.15207,0.069178,0.12592,0.28339,0.25404,0.25683,0.1054,0.38457
0.55342,0.49573,0.76143,0.63112,0.90031,0.68473,0.47186,0.65838,0.62151,0.54838,0.95168,0.8442,0.66649,0.87203,1.0288,0.46658,0.48467,0.36524,0.39949,0.42606,0.44492,0.38253,0.45179,0.57123,0.58975,0.39028,0.44174,0.6321,0.57833,0.64451,0.56128,0.56908,0.40518,0.37142,0.99394,0.84344,0.62676,0.81687,0.66593,0.95378,1.0561,0,0.82813,0.65566,0.79866,0.64467,0.63984,0.47026,0.52069,0.62246,0.65176,0.29689,0.46671,0.41427,0.51497,0.55166,0.65393,0.59318,0.12627,0.28753,0.15398,0.18888,0.3126,0.23753,0.52159,0.46397,0.63081,0.47947,0.2452,0.29638,0.33318,0.51811,0.5284,0.53055,0.36667,0.4208,0.46657,0.29836,0.20691,0.3907,0.349,0.43982,0.27474,0.19791,0.18074,0.17691,0.34249,0.23638,0.35239,0.34631,0.065277,0.14826,0.17112,0.12923,0.18104,0.29185,0.2375,0.31582,0.16147,0.4326
0.41321,0.42079,0.49449,0.53913,0.55243,0.54946,0.46331,0.43968,0.57038,0.53813,0.56399,0.55385,0.67943,0.74076,0.59019,0.48302,0.46233,0.37547,0.40209,0.46868,0.45329,0.37421,0.507,0.47567,0.53724,0.4238,0.39657,0.6465,0.53168,0.6243,0.62088,0.62255,0.38324,0.41372,0.62226,0.74179,0.49791,0.61041,0.55082,0.98047,0.67797,0.82813,0,0.85472,0.63195,0.67741,0.49428,0.51502,0.57249,0.74088,0.51888,0.30293,0.50542,0.4333,0.5454,0.65685,0.91395,0.65789,0.095716,0.23824,0.16496,0.17284,0.30949,0.22369,0.61843,0.40108,0.47803,0.39404,0.24996,0.20063,0.36598,0.45052,0.3909,0.66359,0.42381,0.37879,0.58583,0.35153,0.20307,0.45909,0.39662,0.50755,0.3883,0.21399,0.16865,0.1669,0.35513,0.28359,0.34041,0.30296,0.05482,0.19601,0.21812,0.16426,0.19443,0.37591,0.3047,0.42435,0.23893,0.67446
0.34532,0.30851,0.38672,0.43434,0.48741,0.45345,0.37871,0.37143,0.44542,0.4344,0.39713,0.43215,0.52324,0.52989,0.42143,0.54791,0.5088,0.51763,0.54261,0.5247,0.58259,0.48006,0.52603,0.63994,0.58993,0.57446,0.57774,0.88865,0.69823,0.8637,0.74277,0.8073,0.57052,0.61489,0.50152,0.57808,0.53575,0.52425,0.64062,0.58954,0.52323,0.65566,0.85472,0,0.54702,0.49488,0.38515,0.41916,0.44918,0.73706,0.42454,0.29567,0.52557,0.33736,0.54421,0.67064,0.73535,0.63233,0.096727,0.23928,0.17796,0.1975,0.29599,0.2277,0.40545,0.31125,0.36593,0.31967,0.19845,0.21997,0.31555,0.36829,0.29748,0.53074,0.34859,0.31369,0.38776,0.28726,0.20669,0.39564,0.36346,0.35021,0.29757,0.21584,0.23661,0.22855,0.3847,0.2797,0.3518,0.27312,0.13305,0.22167,0.20295,0.23734,0.28098,0.35027,0.26115,0.34082,0.25517,0.42738
0.43656,0.39843,0.6038,0.54091,0.65233,0.52112,0.4,0.45817,0.524,0.47833,0.62323,0.59456,0.54197,0.65045,0.64129,0.47236,0.47437,0.39813,0.43179,0.47685,0.50945,0.37925,0.49465,0.54512,0.65748,0.45742,0.45499,0.6029,0.5415,0.57293,0.66042,0.47054,0.39786,0.3992,0.68508,0.68794,0.63873,0.70449,0.63927,0.61873,0.73872,0.79866,0.63195,0.54702,0,0.7042,0.7199,0.48134,0.5386,0.68159,0.7467,0.31205,0.48235,0.50007,0.60474,0.65123,0.66049,0.75365,0.11431,0.28043,0.15703,0.15586,0.25626,0.18739,0.52455,0.3907,0.43662,0.37557,0.30432,0.28558,0.3433,0.52289,0.55452,0.57927,0.38937,0.42928,0.38645,0.2602,0.21109,0.45601,0.41158,0.30247,0.26811,0.13122,0.17656,0.15766,0.34963,0.24368,0.36517,0.412,0.080467,0.19048,0.204,0.17209,0.20953,0.30086,0.24944,0.24936,0.10883,0.33859
0.37807,0.38763,0.40594,0.4176,0.42646,0.4074,0.36047,0.30209,0.42829,0.40543,0.41949,0.38478,0.46241,0.50292,0.56849,0.40803,0.38696,0.33378,0.34688,0.35755,0.37906,0.32286,0.40166,0.43035,0.45305,0.36629,0.36225,0.47608,0.44862,0.48676,0.5757,0.41121,0.34556,0.34739,0.53878,0.56134,0.48705,0.72413,0.48812,0.74106,0.66678,0.64467,0.67741,0.49488,0.7042,0,0.61934,0.39322,0.42491,0.54097,0.56468,0.27041,0.40464,0.43898,0.46068,0.54404,0.60648,0.58492,0.15544,0.26338,0.19472,0.14336,0.25303,0.19783,0.59168,0.56591,0.58968,0.45853,0.31268,0.33046,0.43412,0.57327,0.54432,0.60807,0.50276,0.5317,0.43643,0.28881,0.22266,0.47681,0.48178,0.45478,0.32324,0.30341,0.14427,0.20135,0.30498,0.23851,0.2859,0.34225,0.096577,0.22817,0.18721,0.20634,0.24835,0.49921,0.48002,0.35393,0.20352,0.49183
0.40585,0.34895,0.47328,0.41275,0.53031,0.44211,0.32317,0.41348,0.42377,0.39628,0.50311,0.46339,0.41715,0.5147,0.58635,0.45913,0.45437,0.36225,0.38776,0.49537,0.45108,0.36165,0.41182,0.42992,0.52498,0.37196,0.34774,0.42898,0.4229,0.42195,0.50108,0.37553,0.3064,0.30827,0.65108,0.59914,0.65241,0.81066,0.51312,0.54228,0.76019,0.63984,0.49428,0.38515,0.7199,0.61934,0,0.49976,0.55301,0.70966,0.79328,0.35053,0.51398,0.59078,0.67055,0.5846,0.5798,0.6759,0.15063,0.34248,0.14312,0.18223,0.27746,0.19554,0.72944,0.61278,0.51064,0.48126,0.39097,0.39957,0.36556,0.81145,0.75429,0.58753,0.41939,0.50715,0.35334,0.24043,0.23295,0.46985,0.49561,0.25486,0.26798,0.16376,0.15891,0.12561,0.34418,0.26911,0.37958,0.59713,0.011122,0.15587,0.18072,0.12291,0.18707,0.2624,0.23719,0.15403,0.013795,0.25737
0.43448,0.39381,0.46878,0.45414,0.51257,0.47033,0.38708,0.41575,0.45902,0.45741,0.43022,0.46342,0.52363,0.51875,0.42552,0.5039,0.57287,0.40095,0.44816,0.4241,0.43133,0.39454,0.4028,0.41039,0.49447,0.37316,0.38095,0.4117,0.46408,0.44787,0.40321,0.43508,0.35396,0.36045,0.51923,0.74458,0.37168,0.39165,0.36031,0.44472,0.44131,0.47026,0.51502,0.41916,0.48134,0.39322,0.49976,0,0.94335,0.53283,0.57465,0.34012,0.48106,0.38833,0.46025,0.48318,0.54809,0.52299,0.13587,0.33027,0.27536,0.25963,0.39021,0.27262,0.53113,0.35733,0.41447,0.46248,0.30119,0.33927,0.39004,0.41053,0.56233,0.53349,0.41577,0.54469,0.51103,0.35982,0.20915,0.43934,0.47388,0.44276,0.67089,0.33052,0.40062,0.38565,0.63179,0.60178,0.6432,0.56774,0.19802,0.30319,0.21576,0.36337,0.34615,0.38229,0.33313,0.37825,0.38432,0.5332
0.4457,0.42688,0.52515,0.50077,0.57645,0.49163,0.41655,0.45649,0.49139,0.49038,0.47696,0.50301,0.57015,0.57511,0.45525,0.56874,0.67309,0.45161,0.51761,0.50573,0.51177,0.44554,0.46347,0.46354,0.58007,0.41202,0.41406,0.46759,0.50692,0.50595,0.46471,0.4687,0.37841,0.38804,0.57128,0.77146,0.43547,0.43612,0.40606,0.48331,0.49147,0.52069,0.57249,0.44918,0.5386,0.42491,0.55301,0.94335,0,0.63243,0.65082,0.37089,0.55719,0.4607,0.56142,0.56498,0.63086,0.61554,0.13809,0.33846,0.25364,0.25619,0.3837,0.26082,0.59376,0.36951,0.39405,0.43881,0.34655,0.32808,0.39277,0.4459,0.56565,0.57438,0.40647,0.52233,0.52862,0.37423,0.21702,0.48243,0.45923,0.41466,0.59608,0.27963,0.38791,0.33806,0.67684,0.54746,0.6264,0.60072,0.18206,0.30589,0.24262,0.33758,0.31723,0.35492,0.30312,0.36425,0.328,0.5143
0.39184,0.37847,0.46164,0.48573,0.53818,0.43957,0.39472,0.37746,0.50545,0.51854,0.45435,0.44881,0.55961,0.58219,0.43014,0.65683,0.60066,0.54848,0.64025,0.76674,0.75341,0.46352,0.58626,0.56292,0.65034,0.54447,0.42194,0.69595,0.54474,0.60846,0.69648,0.52203,0.37044,0.42928,0.5829,0.71938,0.77506,0.6618,0.65437,0.57081,0.65691,0.62246,0.74088,0.73706,0.68159,0.54097,0.70966,0.53283,0.63243,0,0.64589,0.40753,0.77328,0.58235,0.93992,0.85559,0.90897,0.8404,0.082774,0.27554,0.094555,0.19837,0.28201,0.21334,0.63897,0.34958,0.30189,0.2976,0.2892,0.21639,0.26852,0.52851,0.4144,0.60416,0.2995,0.28628,0.42599,0.29736,0.21845,0.46157,0.32446,0.25008,0.23044,0.051157,0.17222,0.085017,0.38306,0.22052,0.3821,0.39355,0.031188,0.16128,0.23319,0.10527,0.11257,0.20718,0.15689,0.25352,0.068504,0.29865
0.42707,0.3856,0.57045,0.49868,0.61657,0.52076,0.36809,0.49051,0.49536,0.46495,0.5628,0.55598,0.51653,0.59394,0.58075,0.49209,0.50559,0.39007,0.44039,0.52351,0.48004,0.4366,0.45152,0.47769,0.64055,0.39451,0.44224,0.50241,0.49747,0.50007,0.53778,0.44285,0.38812,0.39325,0.64532,0.65419,0.58475,0.6448,0.49968,0.50811,0.68268,0.65176,0.51888,0.42454,0.7467,0.56468,0.79328,0.57465,0.65082,0.64589,0,0.32866,0.49576,0.51471,0.62588,0.61237,0.59453,0.77807,0.14082,0.33526,0.2084,0.19607,0.30131,0.19961,0.58369,0.45253,0.44089,0.41996,0.36266,0.36805,0.40493,0.58889,0.68566,0.612,0.42307,0.56902,0.38736,0.27039,0.2227,0.47756,0.55078,0.29136,0.36789,0.19744,0.23692,0.21545,0.4375,0.36136,0.48428,0.58697,0.097767,0.21612,0.22298,0.24874,0.2902,0.32318,0.28151,0.22186,0.12919,0.32384
