0,8.8695,9.7868,7.3036,8.9778,7.8964,6.607,7.8212,6.8673,6.0051,8.0537,7.5654,6.1134,7.5349,6.9162,3.7224,4.3876,2.2295,1.5352,2.7463,1.4719,4.1125,0,4.1997,4.5085,0,3.6624,4.0554,4.2138,4.0186,3.5111,2.0888,2.3408,2.2908,10.11,7.7113,2.5378,3.1965,2.98,5.817,3.6242,5.5692,4.0469,4.1837,4.1609,3.7251,4.3501,0,4.7498,3.5151,4.0214,5.3239,4.9281,2.3906,3.7532,2.5413,1.6333,3.2983,5.1008,5.4878,4.2777,8.8979,10.01,8.7112,4.2893,3.9154,5.3675,7.5663,3.5302,4.7925,3.4868,3.8868,4.44,3.6181,3.8107,5.2606,5.4449,4.3818,2.427,2.311,3.3097,7.4629,6.1909,5.7768,7.698,7.6595,5.2757,4.3561,3.896,4.7465,4.0688,1.8163,1.7111,3.9102,3.5862,3.805,2.6582,5.9232,5.312,4.8651
8.8695,0,9.4516,8.7933,7.4391,7.5202,9.0106,6.9762,8.1402,8.2416,6.6566,6.9231,7.4475,7.5364,5.8785,3.875,4.1095,1.9081,0,2.0054,0,2.6977,3.7369,2.4275,2.1417,2.5372,2.6092,3.296,3.8715,3.6954,3.5159,3.0462,3.6908,3.2425,7.7703,5.5096,0,0,0,6.2395,2.8025,5.1945,4.5551,4.1201,2.2859,2.8159,3.3424,2.6597,3.4066,3.1524,2.0656,5.7207,5.0365,2.8205,3.76,5.3116,2.9812,3.9847,5.3803,5.7256,4.6304,8.7684,8.9454,9.2623,3.2263,0,4.8301,5.8031,3.9452,5.1514,3.6843,3.4612,3.0689,3.3282,2.5433,3.2178,6.8727,6.2264,5.3972,4.9535,4.8829,5.6064,3.9105,4.5261,7.6402,7.3116,5.4136,4.193,3.2524,5.0582,4.8216,3.9898,4.1025,5.1652,4.6118,2.9216,2.8335,0,0,6.2705
9.7868,9.4516,0,10.142,9.5547,10.612,8.189,10.009,9.6849,8.2121,8.5648,9.005,7.6121,8.276,6.4413,4.3409,4.7948,1.7825,1.8183,1.9076,0,2.1373,0,2.2464,2.4794,0,1.9107,2.4688,2.8459,2.5139,2.6394,1.5563,1.96,1.3513,9.5453,6.3847,1.2248,1.5147,1.1156,5.6321,1.9367,4.5923,3.4416,3.2158,2.5586,2.5682,3.2955,3.3797,3.6922,2.9078,2.1703,7.0139,6.9846,3.3275,4.2391,2.8255,1.6524,3.1769,5.9732,6.2818,5.4048,7.9106,8.5591,7.3797,3.0348,2.3532,4.0634,7.1885,4.9723,5.9126,4.3209,4.1007,3.252,3.757,2.602,3.6758,5.6114,4.2447,2.7432,2.752,3.9168,5.9283,3.7644,3.7945,8.2244,8.3112,7.2683,5.9478,4.6025,5.6489,4.7716,2.3998,2.3441,5.0837,4.4464,3.1254,2.5613,6.4332,5.3075,4.6372
7.3036,8.7933,10.142,0,0,8.7471,8.9898,6.9153,10.684,9.0952,5.8823,7.7703,9.1322,8.4107,4.6977,3.0348,3.3931,0,0,0,0,0,0,0,0,0,0,0,1.1383,0,0,0,0,0,6.813,3.823,0,0,0,4.7148,0,3.2079,2.1086,1.6492,0,1.0994,1.9263,0,2.3453,1.4583,0,5.9796,5.6573,2.1955,2.9869,1.7983,0,1.8387,4.8811,5.189,4.2867,6.7332,7.3073,6.2178,1.6123,0,2.3419,5.7218,3.8456,4.7998,3.1365,2.859,1.8206,2.5596,1.0049,1.9536,5.4342,3.3402,1.8405,1.6725,2.6962,3.6198,2.1527,2.1406,7.1474,7.1216,5.9079,0,3.0805,4.4329,3.6851,1.2877,0,3.9327,3.2218,1.6923,0,0,5.3425,3.5304
8.9778,7.4391,9.5547,0,0,8.252,5.7603,9.9287,6.5878,6.3687,10.296,9.7756,7.1114,9.1631,8.3844,4.9017,5.3785,2.0322,1.9365,2.5258,1.1279,3.8126,0,3.9999,4.2229,1.3692,3.4546,4.4642,4.3292,4.0964,3.6346,2.2822,2.6339,2.5419,10.441,9.5415,2.3489,3.6144,0,6.7576,0,6.2281,4.2282,4.7013,4.2302,3.9103,4.1963,0,4.1472,3.1749,3.8301,6.1828,6.6155,2.5012,3.8474,2.0066,1.7203,3.4565,4.9385,5.2934,4.425,6.9107,7.7444,6.0037,3.5873,3.9417,6.0462,7.7367,3.9651,4.9848,3.6724,3.8442,4.0801,3.6732,3.7415,5.1948,6.2232,4.1089,0,1.7274,3.6094,8.6194,5.6287,6.0596,7.2284,7.6198,6.9434,5.807,5.0371,4.895,3.7813,0,1.3288,4.1491,3.8879,4.2246,3.1826,6.1356,5.138,5.0736
7.8964,7.5202,10.612,8.7471,8.252,0,7.1707,10.179,9.6307,8.4376,7.0649,9.9869,7.6693,7.6599,5.2879,5.1618,5.6738,1.9883,2.1965,0,1.3844,2.0521,0,0,1.997,0,1.5815,2.025,2.5258,2.1947,2.4281,1.4205,0,0,8.3838,5.7092,0,1.3492,0,5.4228,1.4827,3.9502,3.2859,2.8556,0,2.3416,3.3593,3.9968,4.3498,3.3055,1.9535,6.9869,7.307,3.6299,4.3742,2.3807,1.7665,3.0798,5.7783,6.2124,5.2665,7.2482,7.8838,6.0712,3.3855,0,3.6081,7.524,4.8401,5.8236,4.2737,4.0128,3.2653,3.7259,2.3756,3.3246,5.9125,4.3885,2.2761,2.5875,3.9939,4.8608,3.917,3.6281,8.0396,8.358,7.6447,6.576,5.3145,5.7451,4.6571,2.3317,2.3144,5.0131,4.4857,2.9715,2.6363,6.9764,5.6388,4.5622
6.607,9.0106,8.189,8.9898,5.7603,7.1707,0,5.9878,8.9456,9.3895,5.2116,6.8032,8.4278,8.0204,5.593,4.1341,4.373,1.1515,0,0,0,0,4.6467,0,0,0,0,0,1.8546,0,1.9449,0,2.0702,0.98959,5.7193,3.7708,0,0,0,6.4288,0,4.9381,4.3801,2.734,0,1.9004,3.5736,0,3.4809,2.7116,1.207,4.5433,4.9761,1.2673,3.5843,6.273,3.2789,4.2106,3.8935,3.9828,3.8788,7.0295,6.7381,8.0323,3.1259,0,0,4.5509,2.7394,3.8536,2.8471,3.1697,3.1774,3.1606,2.518,2.2625,7.31,7.3432,6.4925,5.9435,5.6155,4.8302,3.5299,4.3136,6.0199,5.7816,4.8618,3.6587,3.1831,4.1148,4.8888,5.0908,5.1139,5.8019,5.1189,2.8496,3.0505,0,0,0
7.8212,6.9762,10.009,6.9153,9.9287,10.179,5.9878,0,7.4474,7.4021,9.1963,10.007,6.9414,8.1545,6.2099,4.6645,5.1578,1.5342,1.5007,0,0,0,0,1.3977,1.5439,0,1.1393,1.6451,2.1285,1.7815,1.9488,1.0188,1.3719,0,8.622,5.8791,0,0,0,5.2875,1.2164,3.9055,2.7841,2.5841,0,1.8385,2.6341,3.4067,3.686,2.516,1.5018,6.3872,6.7606,2.812,3.5822,1.5919,0,2.396,5.1033,5.5166,4.5837,6.5349,7.1527,5.5035,2.7121,1.4915,3.3029,6.9757,4.1243,5.1181,3.6255,3.3545,2.6036,3.0404,1.8868,2.9688,5.666,3.928,0,0,3.2605,4.7704,3.1725,3.0805,7.2672,7.7142,7.1031,6.0209,4.8511,4.985,3.983,0,0,4.3079,3.8305,2.4379,1.9411,6.4871,5.2446,4.0708
6.8673,8.1402,9.6849,10.684,6.5878,9.6307,8.9456,7.4474,0,9.1208,5.9475,10.263,10.753,9.6605,5.4096,4.3287,4.6717,0,0,0,0,0,0,0.88872,1.0187,0,0,0,1.6768,1.4433,1.5264,0,0,0,6.6562,4.6622,0,0,0,5.0586,0,3.582,2.5718,2.0626,1.1805,1.441,2.3247,2.8128,3.3162,2.1745,0,5.7684,6.0762,2.4178,3.2127,1.7695,0,0,4.8168,5.0597,4.2037,6.5254,7.0467,5.9565,2.1284,0,2.8557,5.9793,3.7314,4.7317,3.193,2.8825,2.2312,2.6474,0,2.5848,5.6691,3.9952,1.957,1.9307,2.9743,4.0778,2.7236,2.6478,6.9896,7.1297,6.2564,5.1377,4.2003,4.5963,3.6855,0,1.4302,3.9128,3.3546,1.9524,1.4525,0,5.1013,4.0929
6.0051,8.2416,8.2121,9.0952,6.3687,8.4376,9.3895,7.4021,9.1208,0,5.7049,8.2644,10.474,9.7487,6.3025,3.9082,4.2299,0,0,0,0,0,0,0,0,0,0,0,0,0,1.9195,0,0,0,6.188,4.2359,0,0,0,6.7961,0,4.6389,3.4755,2.4253,0,1.5591,2.1634,0,2.9533,2.0319,0,5.0272,5.447,0,2.764,2.5736,0,2.4599,4.1138,4.4814,3.4877,6.3204,6.3592,6.7707,2.2071,0,0,5.5165,3.0989,4.1284,2.558,2.4598,1.82,2.1771,0,2.2923,7.8151,5.0707,2.7034,2.3125,2.9918,4.7723,2.6932,0,6.3365,6.5007,5.6878,0,3.6209,4.1506,3.0984,0,0,3.4272,3.0069,1.8502,0,0,0,0
8.0537,6.6566,8.5648,5.8823,10.296,7.0649,5.2116,9.1963,5.9475,5.7049,0,9.9474,6.968,9.5868,9.4445,5.7118,6.3072,2.7529,2.5307,2.6753,1.6441,3.8902,0,4.8521,4.6204,0,4.3491,4.7123,4.7578,4.7338,4.3045,2.6824,3.2312,2.9717,9.4338,8.9932,2.9796,0,0,7.8592,4.4921,7.3059,4.8495,5.0661,4.6147,4.6542,4.2939,5.0057,5.1146,4.024,3.8068,5.8741,6.6927,2.4901,3.9696,2.4843,2.4426,4.1165,4.593,5.0401,4.0263,6.2628,7.0293,5.463,4.0503,4.1414,6.8144,7.342,3.5259,4.6118,3.4757,3.7758,4.1442,3.9156,3.9365,5.5365,6.6816,3.8823,1.6567,1.9123,3.9356,8.0399,5.1166,5.5794,6.8527,7.4629,7.0674,6.2148,5.5367,4.7303,3.5034,1.3683,1.3319,3.9291,4.0162,4.4485,3.545,6.0782,5.169,5.4504
7.5654,6.9231,9.005,7.7703,9.7756,9.9869,6.8032,10.007,10.263,8.2644,9.9474,0,8.6986,10.283,8.546,5.815,6.349,2.1055,2.233,2.0147,1.2484,2.4892,0,2.96,2.9663,1.5928,2.5888,3.135,3.4293,3.2458,3.2325,1.8804,2.3538,1.9602,8.5481,7.2699,1.5761,2.297,0,7.2832,2.783,6.0637,3.9925,3.8263,3.2547,3.584,3.3535,4.1938,4.9221,3.4638,2.4906,6.0739,7.0996,2.6398,3.7117,2.1622,1.8893,3.2591,4.7971,5.1554,4.2996,6.4437,6.9791,5.8344,3.5112,2.6875,5.6588,6.9727,3.8942,4.8664,3.3651,3.4303,3.2036,3.3183,3.0345,4.2877,6.4098,4.4269,1.9089,1.874,3.5104,6.417,3.9383,4.3019,7.1609,7.6572,7.3536,6.4049,5.7243,4.8569,3.6848,0,0,4.0983,3.8224,3.5462,2.735,0,5.8613,5.0447
6.1134,7.4475,7.6121,9.1322,7.1114,7.6693,8.4278,6.9414,10.753,10.474,6.968,8.6986,0,9.9111,6.6322,4.9638,5.4048,0,0,0,0,1.4719,0,0,1.7843,0,0,2.0219,2.4952,2.0882,2.3586,0,0,0,6.6402,5.2139,0,0,0,6.8201,0,4.8584,3.9463,3.1692,2.3395,2.4252,2.3851,0,4.0344,2.8189,1.5141,5.2448,6.1938,0,2.7931,2.7395,0,2.9835,3.9991,4.227,3.4923,5.8571,6.1008,5.9384,2.7222,0,4.1078,5.6956,3.0819,3.995,2.5941,2.5682,2.1982,2.3185,1.8819,3.1481,7.7311,4.8084,2.4392,0,3.0468,5.1685,2.8361,3.4534,6.243,6.5667,6.1951,5.2143,4.5854,3.8889,2.8522,0,0,3.3722,3.0082,2.4415,1.8405,0,0,0
7.5349,7.5364,8.276,8.4107,9.1631,7.6599,8.0204,8.1545,9.6605,9.7487,9.5868,10.283,9.9111,0,9.6713,6.539,6.9881,3.3547,3.2763,2.8106,2.1824,3.4052,0,3.8154,3.9017,0,3.4533,4.1892,4.7465,4.2163,4.5635,3.2929,4.1607,3.0446,8.4219,7.517,2.7661,3.7432,0,8.6768,4.2632,7.7213,5.9248,5.2814,4.5174,4.6975,4.1865,4.7703,5.7016,4.6494,3.4017,6.3287,7.5049,2.7176,4.2404,4.0845,4.2318,4.9801,4.9144,5.2411,4.4604,6.66,7.0311,6.5262,4.5747,4.4692,7.2501,7.1156,4.0143,4.9696,3.6768,3.83,3.7833,3.9497,3.7049,5.0962,8.7557,5.6973,3.0498,3.2742,4.65,8.089,4.7675,6.1696,7.2581,7.746,7.5556,6.6541,6.1227,5.0029,3.8197,2.1941,2.2309,4.4848,4.4773,4.4187,3.8456,0,7.7579,0
6.9162,5.8785,6.4413,4.6977,8.3844,5.2879,5.593,6.2099,5.4096,6.3025,9.4445,8.546,6.6322,9.6713,0,6.2315,6.6751,3.5429,3.2212,3.1947,2.2763,4.2826,0,4.9847,4.8977,3.4064,4.545,5.3059,5.4945,5.2988,5.1009,3.7031,4.1869,0,8.274,8.0544,3.3868,5.1167,4.1299,9.6107,5.7786,9.2175,6.3753,6.1548,5.3018,5.462,4.5958,5.0364,5.4618,4.6239,4.2671,5.5107,6.908,2.354,4.2051,3.1799,3.3903,4.9681,4.1885,4.5791,3.7696,5.8434,6.4719,5.3126,4.7975,5.5746,9.1444,6.9496,3.3091,4.3329,3.3116,3.7177,4.1858,4.0634,4.0089,5.6841,7.8591,4.8704,2.0845,2.2277,4.4277,9.6646,5.4283,7.2528,6.5626,7.2228,6.9711,6.2346,5.645,4.5873,3.1735,0,0,3.8588,4.3309,4.9067,4.2717,0,0,0
3.7224,3.875,4.3409,3.0348,4.9017,5.1618,4.1341,4.6645,4.3287,3.9082,5.7118,5.815,4.9638,6.539,6.2315,0,9.7671,7.9565,8.467,5.3916,6.2417,4.6721,2.2438,4.149,3.2334,2.5128,4.1779,6.579,4.3,5.9263,3.728,5.8635,4.627,4.8873,5.1015,5.4173,5.2575,5.0626,4.1021,7.1777,6.1329,7.7548,7.4858,7.4237,3.0532,3.2643,5.259,5.1662,7.7442,8.1755,3.2941,6.1384,9.6114,4.3579,6.8794,3.3801,5.7529,3.8574,3.0691,4.8755,3.6525,4.1711,4.1154,3.7009,6.835,5.5215,6.7196,5.2607,4.343,4.8812,3.7517,4.788,4.7493,3.8435,3.2812,4.2567,5.9612,6.8721,3.1151,3.0024,4.4191,6.7659,5.4823,6.3023,6.5392,6.1855,9.1039,5.2866,6.6423,6.1969,2.3039,1.7337,2.5552,4.7937,4.8306,3.4948,3.0016,5.6501,6.7207,6.9154
4.3876,4.1095,4.7948,3.3931,5.3785,5.6738,4.373,5.1578,4.6717,4.2299,6.3072,6.349,5.4048,6.9881,6.6751,9.7671,0,7.489,8.4806,5.8001,6.3798,5.2323,2.3219,3.6262,3.7559,2.518,3.1913,5.9134,3.8571,5.2715,3.6354,5.7192,4.2524,4.388,5.6975,6.1738,5.3203,4.9109,3.4594,7.2648,5.6085,7.5963,7.4485,7.108,3.4771,3.7027,6.4263,7.8455,8.9541,8.6846,4.4221,6.4071,9.1756,5.1811,7.3568,3.6993,5.8544,4.2468,3.5868,5.4158,3.9967,4.9426,5.7897,3.8095,7.9116,5.785,6.8366,7.4421,4.882,5.532,4.4891,5.7951,6.0664,4.5888,4.5945,5.5141,6.2481,7.1387,3.4685,3.3838,4.9795,7.2842,7.3331,6.7014,7.571,8.246,9.9896,7.7712,8.6311,7.049,2.6249,2.0584,3.0361,5.1862,5.3858,4.2061,3.6362,5.9165,6.9035,7.0825
2.2295,1.9081,1.7825,0,2.0322,1.9883,1.1515,1.5342,0,0,2.7529,2.1055,0,3.3547,3.5429,7.9565,7.489,0,8.2436,8.5674,8.7367,7.168,0,6.1312,4.4321,3.6287,6.4409,6.7824,6.379,7.2836,5.3219,5.8592,6.0014,6.2697,3.9469,4.4543,7.0888,5.9788,5.0159,4.8549,5.3809,6.1173,5.9155,6.8889,3.8972,3.7233,6.1254,5.1927,6.8768,8.6015,3.4748,6.3496,8.7701,5.4646,8.7503,3.1157,4.4758,4.8419,2.4729,5.5608,3.6719,3.7124,3.7483,0,7.5011,5.8761,4.9564,5.9643,5.2846,5.1247,3.9788,5.0179,4.4939,4.2545,2.8586,3.7503,0,4.8936,3.2716,0,4.7953,4.272,5.8404,5.5954,4.5907,5.6319,6.417,5.171,5.7003,6.8924,1.8694,0,2.6172,5.1008,5.1831,3.6603,3.5082,0,4.4788,4.5278
1.5352,0,1.8183,0,1.9365,2.1965,0,1.5007,0,0,2.5307,2.233,0,3.2763,3.2212,8.467,8.4806,8.2436,0,6.9606,8.083,5.6582,0,3.8627,0,0,3.777,5.7373,4.1983,5.67,3.4338,5.7383,5.1973,5.1214,3.0041,3.4218,6.7552,5.6833,3.8038,4.729,4.6232,5.6298,5.8631,6.2855,2.4823,3.0176,6.191,4.8267,7.569,9.0617,3.347,5.8204,8.4799,5.2454,7.767,2.9488,5.0002,3.9044,2.7192,5.2927,3.6789,0,3.5832,3.0891,7.339,5.1212,4.3215,5.1696,4.8162,5.2921,4.0704,5.3228,5.1926,4.2527,3.2321,3.8404,3.1841,5.6505,2.7993,2.8706,4.612,3.8568,4.8788,4.4817,5.0257,5.8336,6.988,5.3256,5.7632,6.9348,1.8634,1.5282,2.7577,5.0717,5.1706,3.5922,3.2682,0,4.9472,0
2.7463,2.0054,1.9076,0,2.5258,0,0,0,0,0,2.6753,2.0147,0,2.8106,3.1947,5.3916,5.8001,8.5674,6.9606,0,9.0491,9.2029,0,7.6956,7.1443,6.2412,6.1932,6.1107,7.2819,6.396,7.8628,5.3028,6.9154,5.6757,4.6146,5.1142,8.8919,7.5468,6.7619,4.1405,6.012,5.9329,5.144,6.0113,6.4107,7.1127,8.2694,5.3348,5.7564,8.497,7.632,6.3409,7.7706,5.4775,9.2137,5.8101,4.4628,8.2913,2.8893,5.5597,4.0618,3.6691,3.8107,0,7.653,7.1576,5.9063,5.7143,5.178,5.3511,4.2642,5.5439,6.2905,4.6358,4.5754,6.9368,2.4772,5.0126,6.2647,3.4792,6.7725,4.8405,6.2638,6.6695,4.1536,5.0024,4.6422,4.6903,4.4328,7.1907,2.2818,1.758,0,5.3591,5.5921,5.1107,5.4395,2.6253,3.8408,3.9214
1.4719,0,0,0,1.1279,1.3844,0,0,0,0,1.6441,1.2484,0,2.1824,2.2763,6.2417,6.3798,8.7367,8.083,9.0491,0,7.9747,0,6.5634,5.2241,4.1865,5.3572,5.4597,6.5939,6.1137,5.8697,5.7264,6.6854,5.872,3.2637,3.771,8.6298,7.2192,6.003,3.49,5.1182,5.0633,4.7395,5.753,3.9096,3.5666,6.7679,4.5162,5.9348,9.2082,4.9872,5.9623,8.2754,4.8961,8.6188,3.0219,4.1628,5.1587,2.2401,4.977,3.5037,3.2548,3.1257,0,7.7158,6.4451,4.5105,4.9469,4.6208,4.8387,3.6168,4.7336,4.4457,3.9048,2.7139,3.6125,1.941,5.1642,3.6398,2.4593,4.5484,3.5336,5.2942,5.3995,3.8378,4.7918,5.0679,4.3799,4.6566,6.5167,0,0,0,4.7657,4.8282,3.3241,3.1874,1.5493,3.5647,3.3444
4.1125,2.6977,2.1373,0,3.8126,2.0521,0,0,0,0,3.8902,2.4892,1.4719,3.4052,4.2826,4.6721,5.2323,7.168,5.6582,9.2029,7.9747,0,4.7878,9.5966,9.9359,6.7117,8.3935,7.5766,9.0689,7.9706,8.4446,5.9912,8.2027,6.8797,6.2505,6.7162,9.4557,8.2104,8.1353,4.968,7.4073,7.1447,5.3874,6.9666,7.8221,6.3063,8.9308,6.4689,5.3801,7.9479,9.2544,5.4443,7.2611,4.4765,7.928,5.3197,4.4994,7.8958,2.4879,4.6967,3.4479,3.881,4.9651,3.7223,7.7125,7.9723,7.2865,7.0554,4.2185,4.9308,4.2699,5.5989,7.0799,4.6241,5.5686,7.652,2.8823,6.2561,6.3293,2.9514,5.6786,6.4097,7.3205,7.9918,4.4551,5.6985,4.5896,5.4175,4.5692,6.5968,1.8372,0,2.275,4.6577,5.0818,4.8037,4.3248,2.1816,3.761,3.9324
0,3.7369,0,0,0,0,4.6467,0,0,0,0,0,0,0,0,2.2438,2.3219,0,0,0,0,4.7878,0,0,0,8.7421,0,0,4.8336,3.6835,5.6785,6.9904,8.5848,4.3683,1.0414,0.92017,0,0,0,5.3202,0,4.2033,7.6661,6.3708,0,0,4.9608,0,1.9071,2.7787,4.5838,0,3.7667,0,4.8881,8.478,8.9665,7.5891,0,2.0614,3.6531,2.2318,1.4507,3.398,2.3784,0,0,1.6545,0,2.7992,3.3128,3.8081,4.1345,4.166,3.4318,3.1283,4.8155,7.1658,6.359,6.8801,6.9434,2.015,0,1.4468,1.4749,1.8375,1.6126,0,0,4.4104,4.8743,5.339,5.0406,6.4131,5.9578,3.7197,0,0,0,0
4.1997,2.4275,2.2464,0,3.9999,0,0,1.3977,0.88872,0,4.8521,2.96,0,3.8154,4.9847,4.149,3.6262,6.1312,3.8627,7.6956,6.5634,9.5966,0,0,9.5584,3.6894,9.8843,8.5404,9.0646,9.045,6.9126,6.1257,6.9584,6.9193,6.3713,6.6482,9.0071,8.1314,9.438,5.1078,7.7977,7.4955,5.1836,7.6553,7.3771,5.6781,7.7908,5.0054,3.2417,7.1371,7.6792,5.034,7.1764,3.7745,6.9557,0,4.2975,5.0029,2.1562,4.1353,3.0884,3.6089,4.6941,3.6801,6.5395,7.383,7.492,6.3739,3.5834,4.6406,4.0726,5.285,6.4352,4.4771,5.3595,7.4602,0,6.1838,3.2206,2.2906,4.5713,6.915,6.1333,7.8202,4.035,4.9453,3.9141,4.0451,2.716,6.1873,1.2673,0,1.9502,4.1687,4.6165,5.6289,4.2547,1.6414,3.9109,3.6057
4.5085,2.1417,2.4794,0,4.2229,1.997,0,1.5439,1.0187,0,4.6204,2.9663,1.7843,3.9017,4.8977,3.2334,3.7559,4.4321,0,7.1443,5.2241,9.9359,0,9.5584,0,5.6654,9.3103,7.5158,9.6031,8.1239,8.7083,4.8801,6.3234,6.2549,6.6329,7.0026,6.9668,6.8221,7.3457,4.94,7.1294,6.9949,4.8855,6.8403,8.6971,7.1688,8.2165,5.947,3.6659,5.2148,8.7434,4.4653,5.9809,3.1939,6.2317,4.0086,3.3319,6.9398,2.0785,3.7169,2.8694,3.8043,5.0947,3.1324,5.836,7.081,7.3709,7.0048,3.1294,4.126,3.8748,4.9336,6.3888,4.749,5.5662,7.8576,2.9109,5.8224,5.7456,2.0484,4.9782,6.8778,6.6832,7.8103,4.4164,5.5824,4.1319,4.907,3.5553,5.5722,1.3516,0,0,3.8734,4.6515,5.974,4.7234,1.6156,2.9289,3.4611
0,2.5372,0,0,1.3692,0,0,0,0,0,0,1.5928,0,0,3.4064,2.5128,2.518,3.6287,0,6.2412,4.1865,6.7117,8.7421,3.6894,5.6654,0,3.3576,0,7.1085,5.4639,8.2962,8.3712,9.9678,6.2084,2.2417,2.2438,3.8738,2.4121,0,0,1.7811,5.2373,8.2458,7.8639,5.5587,5.0612,6.7726,1.6614,1.9891,3.6631,6.6501,4.5588,5.7301,2.3639,6.5038,8.9801,9.0043,9.1715,2.0524,2.9265,3.5745,2.2763,1.5522,0,3.0042,2.5932,2.7234,2.5178,2.5067,3.409,3.5568,4.1076,4.5855,4.464,3.8115,4.6709,0,8.0046,8.3115,6.3423,7.222,3.6662,2.3526,3.0712,2.3445,2.3731,2.0847,1.4867,1.0905,5.001,3.6889,3.9639,3.7263,6.0514,6.1653,4.3914,4.5774,4.6657,0,0
3.6624,2.6092,1.9107,0,3.4546,1.5815,0,1.1393,0,0,4.3491,2.5888,0,3.4533,4.545,4.1779,3.1913,6.4409,3.777,6.1932,5.3572,8.3935,0,9.8843,9.3103,3.3576,0,7.359,9.7928,8.6056,7.8109,4.952,5.7864,6.9748,5.7831,5.9726,7.3514,6.457,8.0303,4.1107,6.6113,6.3482,4.3565,6.653,8.0267,6.4881,6.9263,3.9877,2.4821,5.9824,7.4722,5.3735,7.5824,4.0308,6.6585,2.6804,2.9463,5.2324,2.2337,4.5365,3.3777,3.4191,4.0003,0,5.0297,5.9992,6.606,5.5855,4.0416,4.7276,4.1864,5.1952,6.126,4.827,5.4453,7.7579,2.3831,5.0856,2.9487,2.378,4.9305,6.291,5.0039,6.821,3.6224,4.2099,3.533,3.1066,1.9655,6.1236,1.4002,0,0,4.5742,5.0917,6.1958,4.9931,1.6038,3.095,2.8172
4.0554,3.296,2.4688,0,4.4642,2.025,0,1.6451,0,0,4.7123,3.135,2.0219,4.1892,5.3059,6.579,5.9134,6.7824,5.7373,6.1107,5.4597,7.5766,0,8.5404,7.5158,0,7.359,0,7.9781,8.465,7.0688,5.5584,5.9984,6.2901,5.7608,5.9071,7.7059,8.583,8.9719,5.733,8.0044,8.1295,5.8668,8.5201,7.0246,6.402,6.8022,3.7127,4.9131,7.6037,6.7501,5.1555,7.818,3.4871,6.3784,3.5361,3.9803,6.0576,2.2552,4.0951,3.0637,3.851,4.209,4.7095,7.4712,7.8522,7.6694,5.2855,3.5619,4.3971,3.8437,4.9737,6.008,4.5438,5.1467,7.2288,0,5.1118,2.9832,2.4609,5.0526,6.5838,5.4202,7.4021,4.3435,4.7942,5.3211,4.0156,3.9088,5.8085,1.618,0.92594,1.7701,4.1205,4.8697,5.7569,4.876,2.4603,0,4.2279
4.2138,3.8715,2.8459,1.1383,4.3292,2.5258,1.8546,2.1285,1.6768,0,4.7578,3.4293,2.4952,4.7465,5.4945,4.3,3.8571,6.379,4.1983,7.2819,6.5939,9.0689,4.8336,9.0646,9.6031,7.1085,9.7928,7.9781,0,9.3576,9.3304,7.857,8.8061,8.9884,5.9127,6.0075,6.9328,5.4999,6.4398,5.9668,6.4043,7.264,7.0929,8.6831,8.8578,7.7873,7.3005,4.1033,3.1343,5.717,7.9037,6.2712,8.0409,4.9856,7.6506,4.6785,5.5395,8.0247,2.8919,5.4635,4.1893,4.1304,4.2081,5.5897,4.8093,5.7065,6.7136,5.5705,5.0074,5.4285,4.7793,5.7159,6.196,5.5754,5.6683,7.8843,4.0468,6.5601,4.8331,3.7107,6.1765,6.6864,5.0544,6.8498,4.2711,4.5589,3.9282,3.5075,2.631,6.9385,2.5574,2.079,3.2756,5.5438,6.0972,6.6668,6.0224,2.6444,4.6241,4.811
4.0186,3.6954,2.5139,0,4.0964,2.1947,0,1.7815,1.4433,0,4.7338,3.2458,2.0882,4.2163,5.2988,5.9263,5.2715,7.2836,5.67,6.396,6.1137,7.9706,3.6835,9.045,8.1239,5.4639,8.6056,8.465,9.3576,0,8.0043,7.3075,7.954,8.0319,5.7373,5.9742,7.7463,7.3218,8.2288,5.3508,6.9657,7.1187,5.8199,8.3029,7.4643,6.7361,6.7879,3.8235,4.277,7.4362,6.9001,5.8245,8.3563,4.4368,7.0601,4.2121,5.0745,6.7218,2.5524,4.9216,3.7237,4.0166,4.1568,5.3159,6.3022,6.4628,7.182,5.3824,4.4493,4.9238,4.1741,5.1719,5.871,4.785,4.998,7.2356,3.594,5.7149,3.5915,3.2697,5.6152,6.5886,4.9592,7.108,4.3119,4.5686,4.7696,3.6312,3.2269,6.3613,2.1542,1.9156,2.6373,4.993,5.4524,5.9481,5.241,2.3614,5.3275,4.0541
3.5111,3.5159,2.6394,0,3.6346,2.4281,1.9449,1.9488,1.5264,1.9195,4.3045,3.2325,2.3586,4.5635,5.1009,3.728,3.6354,5.3219,3.4338,7.8628,5.8697,8.4446,5.6785,6.9126,8.7083,8.2962,7.8109,7.0688,9.3304,8.0043,0,7.5205,8.9312,7.9394,4.9362,5.0818,5.5224,4.6635,4.7993,5.9872,5.3891,6.8261,7.6336,8.3869,9.9943,9.182,8.4303,3.5652,3.1772,4.9165,8.4659,6.1222,7.2814,4.5209,8.1491,6.0468,6.3893,9.4735,2.7705,5.0339,4.2264,3.8162,3.4856,4.7183,4.6072,5.0439,5.9627,4.7356,4.6037,5.2686,4.9693,5.7752,6.4664,6.2117,6.207,8.5746,4.1034,6.1444,6.2207,3.9838,7.3374,5.8898,4.4616,6.0136,3.9002,4.0863,3.4248,3.1801,2.5146,6.7494,2.6967,2.2326,3.1149,5.6223,6.7702,7.7865,0,2.8705,4.3273,5.366
2.0888,3.0462,1.5563,0,2.2822,1.4205,0,1.0188,0,0,2.6824,1.8804,0,3.2929,3.7031,5.8635,5.7192,5.8592,5.7383,5.3028,5.7264,5.9912,6.9904,6.1257,4.8801,8.3712,4.952,5.5584,7.857,7.3075,7.5205,0,10.194,8.2262,3.2339,3.2765,6.4633,5.0607,3.8806,4.6972,3.2312,5.1538,7.7517,8.6483,5.121,6.1718,5.585,2.9937,4.7786,7.1085,4.3727,4.7165,7.2272,3.1115,6.0239,6.9677,8.6066,8.0463,2.1843,3.6987,3.3892,3.1287,2.7069,4.7374,5.5894,4.3317,4.1357,3.7845,3.2136,3.7512,3.4556,4.0684,4.4667,4.4379,3.9149,4.8285,3.1514,7.6358,5.2021,5.2394,6.6259,4.2847,3.3464,4.1013,3.7155,4.1237,4.8422,3.5327,3.465,5.2362,3.4112,3.594,3.4283,5.4941,5.9058,5.0774,5.1299,2.3993,0,5.2287
2.3408,3.6908,1.96,0,2.6339,0,2.0702,1.3719,0,0,3.2312,2.3538,0,4.1607,4.1869,4.627,4.2524,6.0014,5.1973,6.9154,6.6854,8.2027,8.5848,6.9584,6.3234,9.9678,5.7864,5.9984,8.8061,7.954,8.9312,10.194,0,9.1567,3.5145,3.3947,7.0822,4.1883,3.6114,5.6203,3.2762,5.9313,8.1441,8.9444,6.0503,6.2509,6.6814,2.3687,3.3881,6.5143,6.1734,5.6804,7.7774,4.111,7.0441,7.738,8.9033,8.9657,2.5924,4.6265,3.9559,3.5096,2.6149,5.4915,4.5297,3.6948,4.1752,3.342,4.1798,4.6014,4.062,4.833,5.0588,4.8849,4.2604,5.2948,4.0877,8.9721,6.8056,5.7766,7.0165,4.6719,3.1116,4.1419,3.5945,3.4068,3.711,2.4015,2.2541,6.1004,3.8529,3.9359,3.8456,5.9952,6.258,5.2065,5.2918,3.3219,0,0
2.2908,3.2425,1.3513,0,2.5419,0,0.98959,0,0,0,2.9717,1.9602,0,3.0446,0,4.8873,4.388,6.2697,5.1214,5.6757,5.872,6.8797,4.3683,6.9193,6.2549,6.2084,6.9748,6.2901,8.9884,8.0319,7.9394,8.2262,9.1567,0,3.7547,4.0014,6.6508,4.8132,4.9699,3.834,4.4094,5.0402,5.162,6.8354,6.4313,6.3907,5.4842,2.1951,3.4723,6.5551,5.2519,5.1724,7.5457,3.8059,6.3874,4.647,5.9641,6.9696,1.9342,4.2988,3.03,3.186,2.6116,0,4.6898,4.0477,5.005,3.4452,3.8806,4.1591,3.351,4.3016,4.4849,4.0183,3.7856,5.894,2.3208,5.9161,3.4512,3.3621,5.3823,4.8358,3.1059,4.8638,3.3882,3.3007,3.8105,2.453,2.2703,5.6526,2.0254,2.0694,2.2677,4.5414,5.0013,5.1177,4.7633,1.6448,0,3.4278
10.11,7.7703,9.5453,6.813,10.441,8.3838,5.7193,8.622,6.6562,6.188,9.4338,8.5481,6.6402,8.4219,8.274,5.1015,5.6975,3.9469,3.0041,4.6146,3.2637,6.2505,1.0414,6.3713,6.6329,2.2417,5.7831,5.7608,5.9127,5.7373,4.9362,3.2339,3.5145,3.7547,0,9.979,4.5511,5.2763,5.0181,7.002,5.4306,6.9502,5.1237,5.6151,6.1124,5.4713,6.4963,6.2276,6.5458,5.3557,6.1303,6.037,6.2942,3.7579,5.5534,2.8688,2.7408,4.5747,5.3427,5.7369,4.8044,8.0302,9.6,6.9688,6.7285,6.1931,7.0773,9.1717,4.3189,5.4793,4.8864,5.7275,6.6755,5.4094,5.9029,7.4436,6.4604,5.148,2.6041,2.4929,4.5689,9.5218,8.4962,8.1338,7.7679,8.5834,6.5028,5.7837,5.0811,6.1376,4.2782,1.8901,2.1134,4.6372,4.8552,5.7697,4.4057,6.0441,6.0544,5.8019
7.7113,5.5096,6.3847,3.823,9.5415,5.7092,3.7708,5.8791,4.6622,4.2359,8.9932,7.2699,5.2139,7.517,8.0544,5.4173,6.1738,4.4543,3.4218,5.1142,3.771,6.7162,0.92017,6.6482,7.0026,2.2438,5.9726,5.9071,6.0075,5.9742,5.0818,3.2765,3.3947,4.0014,9.979,0,5.1686,5.5829,5.411,6.6623,5.6108,7.0137,5.1101,5.6694,6.4257,5.7945,7.0142,8.3586,7.0447,5.7656,6.7254,5.7961,6.7084,4.0232,6.0382,2.8111,2.8136,4.758,4.5154,5.1954,4.3832,6.2943,7.6128,4.938,7.2374,6.6354,7.5232,9.4259,4.2007,5.4034,5.1234,6.2535,7.1453,5.6885,6.4499,7.9157,5.4502,4.4959,2.745,2.329,4.8066,10.235,9.5675,9.0569,6.8687,7.8791,7.0691,6.8939,5.9219,6.4778,3.446,1.3931,2.0333,4.5404,5.0588,6.1358,4.5943,4.9255,4.7916,5.0816
2.5378,0,1.2248,0,2.3489,0,0,0,0,0,2.9796,1.5761,0,2.7661,3.3868,5.2575,5.3203,7.0888,6.7552,8.8919,8.6298,9.4557,0,9.0071,6.9668,3.8738,7.3514,7.7059,6.9328,7.7463,5.5224,6.4633,7.0822,6.6508,4.5511,5.1686,0,8.8688,8.4876,4.514,7.3052,6.8402,5.6044,7.1216,4.5942,3.8301,7.8535,4.6949,5.2432,8.9349,6.6433,4.8131,7.0447,4.4292,8.1418,3.1863,5.0263,4.8708,1.7072,4.2103,2.6639,2.9788,3.4746,0,8.1128,7.5456,6.4041,5.3274,3.7948,4.6332,3.5042,5.1465,5.5407,3.4891,3.5018,5.012,2.4865,5.9255,3.2285,2.3159,4.3345,5.251,5.7277,6.8237,3.4676,4.4295,4.2422,4.0727,3.7396,6.4769,1.049,0,0,3.979,4.231,3.3211,3.08,0,4.6493,4.0357
3.1965,0,1.5147,0,3.6144,1.3492,0,0,0,0,0,2.297,0,3.7432,5.1167,5.0626,4.9109,5.9788,5.6833,7.5468,7.2192,8.2104,0,8.1314,6.8221,2.4121,6.457,8.583,5.4999,7.3218,4.6635,5.0607,4.1883,4.8132,5.2763,5.5829,8.8688,0,8.9946,6.0699,9.2349,8.797,6.4647,8.0931,5.711,4.7198,7.9354,4.3885,4.4081,8.485,6.881,4.1984,5.8499,4.5118,7.5542,2.972,4.5468,4.6267,1.9511,4.2666,2.9815,2.8907,3.5923,0,8.2205,9.0982,8.5287,5.365,3.8114,5.1161,4.2509,5.8669,6.8416,4.4517,5.332,6.8346,0,5.6844,3.1389,2.2697,4.5611,6.414,6.4376,8.2951,3.5198,4.2899,4.3269,3.7936,3.3847,6.9127,0,0,0,3.8914,4.4477,4.8844,3.8603,0,4.5213,5.1771
2.98,0,1.1156,0,0,0,0,0,0,0,0,0,0,0,4.1299,4.1021,3.4594,5.0159,3.8038,6.7619,6.003,8.1353,0,9.438,7.3457,0,8.0303,8.9719,6.4398,8.2288,4.7993,3.8806,3.6114,4.9699,5.0181,5.411,8.4876,8.9946,0,4.8437,8.5871,7.7633,4.6735,7.8484,5.9075,4.5454,7.2221,3.6016,2.5206,7.5415,6.6985,3.5766,5.6187,3.2677,6.5269,0,0,3.9572,0,3.2235,2.0731,2.3219,3.3086,0,7.0639,7.5031,6.9605,4.9249,2.7601,4.0114,3.3427,4.9011,6.0492,3.6476,4.6069,6.569,0,3.9097,0,0,3.6372,5.763,5.2278,7.0901,2.8426,3.672,3.1642,2.8599,1.9898,5.8451,0,0,0,2.8656,3.5229,4.494,3.2395,0,3.0931,3.0626
5.817,6.2395,5.6321,4.7148,6.7576,5.4228,6.4288,5.2875,5.0586,6.7961,7.8592,7.2832,6.8201,8.6768,9.6107,7.1777,7.2648,4.8549,4.729,4.1405,3.49,4.968,5.3202,5.1078,4.94,0,4.1107,5.733,5.9668,5.3508,5.9872,4.6972,5.6203,3.834,7.002,6.6623,4.514,6.0699,4.8437,0,6.6279,9.391,8.7827,7.0829,5.4431,5.7344,5.2403,4.9717,6.4959,6.3464,4.5111,5.7859,7.4436,2.6042,5.0342,5.6725,6.3044,6.3702,4.1764,4.5535,3.8759,5.7395,6.0008,5.8525,6.6307,7.0354,8.9226,6.5108,3.5457,4.3923,3.5623,4.0041,4.5589,4.2998,4.0637,5.4358,8.5041,6.8758,4.2628,4.5241,5.6004,9.0056,6.1769,8.1279,6.4356,6.9625,7.0568,6.0587,5.7543,4.9054,3.6465,3.1609,3.1531,4.8203,5.1337,5.1194,4.8486,0,0,0
3.6242,2.8025,1.9367,0,0,1.4827,0,1.2164,0,0,4.4921,2.783,0,4.2632,5.7786,6.1329,5.6085,5.3809,4.6232,6.012,5.1182,7.4073,0,7.7977,7.1294,1.7811,6.6113,8.0044,6.4043,6.9657,5.3891,3.2312,3.2762,4.4094,5.4306,5.6108,7.3052,9.2349,8.5871,6.6279,0,9.2979,5.4607,7.5446,6.4208,5.7374,7.0894,4.0507,4.5853,7.0187,6.6636,4.3072,6.5065,3.2154,6.0951,2.0808,0,4.4485,2.0957,3.4704,2.8089,3.4127,3.8389,0,7.9265,9.0248,8.8987,5.1475,2.8522,4.4069,4.1184,5.3806,6.4452,4.5891,5.4423,7.2091,0,4.3518,2.4035,1.332,4.2222,6.8789,6.4421,8.5084,4.1373,4.713,5.1599,3.9132,3.9481,5.8934,0.99661,0,0,3.3657,4.2992,5.4929,4.4341,2.5515,3.8829,4.2626
5.5692,5.1945,4.5923,3.2079,6.2281,3.9502,4.9381,3.9055,3.582,4.6389,7.3059,6.0637,4.8584,7.7213,9.2175,7.7548,7.5963,6.1173,5.6298,5.9329,5.0633,7.1447,4.2033,7.4955,6.9949,5.2373,6.3482,8.1295,7.264,7.1187,6.8261,5.1538,5.9313,5.0402,6.9502,7.0137,6.8402,8.797,7.7633,9.391,9.2979,0,8.3405,8.9309,6.7105,6.6085,6.8824,5.4475,6.7275,7.3813,6.4466,5.7491,7.9524,3.5819,6.2346,4.7857,5.3454,6.4531,3.9261,4.6834,3.894,5.452,5.8007,5.5476,8.0361,9.2023,9.8696,6.6445,3.8326,4.8306,4.2336,5.2858,6.2327,4.9126,5.3294,7.1229,6.6533,6.2965,3.4895,3.4295,5.5845,9.1028,7.1964,9.2516,6.2575,6.8626,7.1484,6.0922,5.9218,5.9867,3.107,2.0577,2.3165,4.5578,5.2441,6.0025,5.3623,6.2658,0,0
4.0469,4.5551,3.4416,2.1086,4.2282,3.2859,4.3801,2.7841,2.5718,3.4755,4.8495,3.9925,3.9463,5.9248,6.3753,7.4858,7.4485,5.9155,5.8631,5.144,4.7395,5.3874,7.6661,5.1836,4.8855,8.2458,4.3565,5.8668,7.0929,5.8199,7.6336,7.7517,8.1441,5.162,5.1237,5.1101,5.6044,6.4647,4.6735,8.7827,5.4607,8.3405,0,8.5047,5.7902,7.0444,6.4545,4.961,6.801,7.4907,4.9974,5.5899,7.7191,3.1305,6.3089,7.8998,9.3991,8.5625,3.7419,4.3356,4.4111,4.8893,4.949,5.2919,7.4644,7.1296,6.8494,6.0121,3.5159,4.4233,4.4227,4.944,5.5193,5.5451,5.0978,5.8708,6.1917,8.1259,6.2511,6.4021,7.5716,6.5344,6.0242,6.8434,5.8076,6.3852,6.7624,5.6933,5.4648,5.7223,4.7636,4.9611,4.74,6.5088,6.9066,6.248,6.2365,5.7227,0,0
4.1837,4.1201,3.2158,1.6492,4.7013,2.8556,2.734,2.5841,2.0626,2.4253,5.0661,3.8263,3.1692,5.2814,6.1548,7.4237,7.108,6.8889,6.2855,6.0113,5.753,6.9666,6.3708,7.6553,6.8403,7.8639,6.653,8.5201,8.6831,8.3029,8.3869,8.6483,8.9444,6.8354,5.6151,5.6694,7.1216,8.0931,7.8484,7.0829,7.5446,8.9309,8.5047,0,6.8777,7.2972,6.6648,4.6215,6.2618,7.8945,6.182,5.5683,8.1555,3.7349,6.6299,6.6341,7.9085,8.3252,3.1405,4.4559,3.8822,4.505,4.6049,5.4542,7.6541,7.7086,7.4554,5.6496,3.8579,4.5443,4.2097,5.0063,5.7602,5.158,5.1202,6.7986,4.4349,7.125,5.0215,4.9307,6.8182,6.7839,5.63,7.2227,5.3197,5.8169,6.4166,5.1933,5.0499,5.9346,3.5163,3.3569,3.2359,5.5277,6.1979,6.1323,5.981,3.9733,0,5.5832
4.1609,2.2859,2.5586,0,4.2302,0,0,0,1.1805,0,4.6147,3.2547,2.3395,4.5174,5.3018,3.0532,3.4771,3.8972,2.4823,6.4107,3.9096,7.8221,0,7.3771,8.6971,5.5587,8.0267,7.0246,8.8578,7.4643,9.9943,5.121,6.0503,6.4313,6.1124,6.4257,4.5942,5.711,5.9075,5.4431,6.4208,6.7105,5.7902,6.8777,0,9.6199,8.1224,5.2006,3.1117,4.1835,8.8325,4.7239,5.696,3.2508,6.8735,4.7353,3.957,8.5603,2.1595,3.7982,3.4562,3.492,4.5747,2.8301,4.805,6.1841,6.9879,6.2537,3.2402,4.4455,4.6641,5.5688,7.1279,6.0211,6.4341,8.8999,0,4.998,6.1941,2.4786,6.9893,6.635,5.8731,7.1588,4.0287,4.9913,3.8172,4.3231,3.0466,5.8531,1.5884,0,1.8693,4.4248,6.0019,7.6332,0,0,2.8844,4.2307
3.7251,2.8159,2.5682,1.0994,3.9103,2.3416,1.9004,1.8385,1.441,1.5591,4.6542,3.584,2.4252,4.6975,5.462,3.2643,3.7027,3.7233,3.0176,7.1127,3.5666,6.3063,0,5.6781,7.1688,5.0612,6.4881,6.402,7.7873,6.7361,9.182,6.1718,6.2509,6.3907,5.4713,5.7945,3.8301,4.7198,4.5454,5.7344,5.7374,6.6085,7.0444,7.2972,9.6199,0,8.9172,4.5555,3.5539,4.5134,8.1966,5.5462,5.4654,3.9309,8.351,5.7733,5.999,8.2826,2.5948,4.3399,4.1052,3.5492,4.0116,2.6566,4.7587,5.408,6.4786,5.614,3.9277,5.0791,5.2541,6.0948,7.4478,6.6803,6.9321,9.215,4.0265,3.5322,6.112,3.4595,8.2315,6.3271,5.1658,6.479,3.9257,4.6311,3.63,4.0119,2.9712,6.7254,2.7543,1.8851,2.7512,5.4305,7.1621,8.7779,0,3.1696,4.287,5.3553
4.3501,3.3424,3.2955,1.9263,4.1963,3.3593,3.5736,2.6341,2.3247,2.1634,4.2939,3.3535,2.3851,4.1865,4.5958,5.259,6.4263,6.1254,6.191,8.2694,6.7679,8.9308,4.9608,7.7908,8.2165,6.7726,6.9263,6.8022,7.3005,6.7879,8.4303,5.585,6.6814,5.4842,6.4963,7.0142,7.8535,7.9354,7.2221,5.2403,7.0894,6.8824,6.4545,6.6648,8.1224,8.9172,0,7.1619,6.7992,8.0705,10.149,6.4782,6.3917,7.2248,9.2131,7.6303,6.26,9.3771,4.0427,6.6296,5.1557,4.5393,5.534,3.2979,8.2496,8.117,7.2285,7.5988,6.2117,7.341,6.3116,8.177,10.007,6.9344,8.2643,10.541,3.8183,5.2441,7.5969,6.6759,9.3484,6.4807,7.8578,8.1611,5.388,6.6376,5.5557,6.3889,5.7148,9.4799,3.7685,3.3063,5.6392,6.6732,8.2966,8.1646,0,4.874,5.9621,5.6344
0,2.6597,3.3797,0,0,3.9968,0,3.4067,2.8128,0,5.0057,4.1938,0,4.7703,5.0364,5.1662,7.8455,5.1927,4.8267,5.3348,4.5162,6.4689,0,5.0054,5.947,1.6614,3.9877,3.7127,4.1033,3.8235,3.5652,2.9937,2.3687,2.1951,6.2276,8.3586,4.6949,4.3885,3.6016,4.9717,4.0507,5.4475,4.961,4.6215,5.2006,4.5555,7.1619,0,9.3526,7.5692,6.3933,5.1708,6.031,4.4537,6.4939,2.8831,3.2274,4.3493,3.514,4.8561,3.9753,4.8919,0,0,8.7324,6.9311,6.3931,9.0525,4.1325,5.5227,5.0946,6.3406,7.0688,5.1651,5.9683,7.1692,3.8274,4.6544,2.9896,2.4544,4.7729,8.0666,9.989,8.4787,6.4077,8.1947,7.3676,8.4827,8.283,6.8441,2.4369,0,2.1954,4.5192,4.959,5.0898,3.6994,3.531,4.3406,4.5381
4.7498,3.4066,3.6922,2.3453,4.1472,4.3498,3.4809,3.686,3.3162,2.9533,5.1146,4.9221,4.0344,5.7016,5.4618,7.7442,8.9541,6.8768,7.569,5.7564,5.9348,5.3801,1.9071,3.2417,3.6659,1.9891,2.4821,4.9131,3.1343,4.277,3.1772,4.7786,3.3881,3.4723,6.5458,7.0447,5.2432,4.4081,2.5206,6.4959,4.5853,6.7275,6.801,6.2618,3.1117,3.5539,6.7992,9.3526,0,8.3653,4.7642,5.7226,7.6367,5.2078,7.1938,3.388,4.9873,4.1175,3.7077,5.3382,3.9729,5.3539,6.7399,3.3329,8.4697,6.3132,6.0089,9.1468,4.7271,5.5674,4.6616,6.039,6.4864,4.5378,4.8446,5.8437,5.4069,6.6623,3.2521,3.0686,4.8857,6.3516,8.8936,7.0087,6.9716,8.6133,8.549,8.5876,8.7522,7.1653,2.6148,1.705,2.8956,4.9386,5.2447,4.021,3.6357,5.0274,0,6.4853
3.5151,3.1524,2.9078,1.4583,3.1749,3.3055,2.7116,2.516,2.1745,2.0319,4.024,3.4638,2.8189,4.6494,4.6239,8.1755,8.6846,8.6015,9.0617,8.497,9.2082,7.9479,2.7787,7.1371,5.2148,3.6631,5.9824,7.6037,5.717,7.4362,4.9165,7.1085,6.5143,6.5551,5.3557,5.7656,8.9349,8.485,7.5415,6.3464,7.0187,7.3813,7.4907,7.8945,4.1835,4.5134,8.0705,7.5692,8.3653,0,5.7466,6.2738,8.639,6.09,8.7441,4.2132,6.5192,5.3243,3.5856,6.0134,4.433,4.6975,5.3753,4.1059,9.3343,7.62,6.4741,7.5274,5.5428,6.2806,5.1459,6.6875,7.0065,5.1157,4.9637,5.8503,4.7255,7.3403,4.0873,3.8914,5.6485,5.472,7.2601,6.9477,6.0386,7.3684,7.571,7.2422,7.3223,8.0182,2.8057,2.455,3.5714,5.6715,5.912,4.5687,4.2824,4.3206,0,6.5513
4.0214,2.0656,2.1703,0,3.8301,1.9535,1.207,1.5018,0,0,3.8068,2.4906,1.5141,3.4017,4.2671,3.2941,4.4221,3.4748,3.347,7.632,4.9872,9.2544,4.5838,7.6792,8.7434,6.6501,7.4722,6.7501,7.9037,6.9001,8.4659,4.3727,6.1734,5.2519,6.1303,6.7254,6.6433,6.881,6.6985,4.5111,6.6636,6.4466,4.9974,6.182,8.8325,8.1966,10.149,6.3933,4.7642,5.7466,0,4.3548,5.1692,3.3794,7.2797,6.109,4.0374,8.4207,2.6798,3.9164,4.2377,3.6362,4.9136,2.4697,6.4935,7.1518,6.8789,6.9786,3.1871,5.7125,5.8262,7.1149,9.3442,6.442,7.7257,9.8751,2.5713,4.9292,6.9014,3.0334,6.6489,6.2199,6.9597,7.5293,4.3461,5.6535,4.2612,5.4084,4.3237,7.1638,1.8062,0.98374,0,4.4574,5.3799,0,0,2.6853,3.5689,3.7381
5.3239,5.7207,7.0139,5.9796,6.1828,6.9869,4.5433,6.3872,5.7684,5.0272,5.8741,6.0739,5.2448,6.3287,5.5107,6.1384,6.4071,6.3496,5.8204,6.3409,5.9623,5.4443,0,5.034,4.4653,4.5588,5.3735,5.1555,6.2712,5.8245,6.1222,4.7165,5.6804,5.1724,6.037,5.7961,4.8131,4.1984,3.5766,5.7859,4.3072,5.7491,5.5899,5.5683,4.7239,5.5462,6.4782,5.1708,5.7226,6.2738,4.3548,0,8.5274,7.0685,8.0194,5.178,4.5727,6.5007,7.9603,8.9914,7.0885,8.81,6.1391,5.3291,5.676,4.6403,5.454,6.1033,7.662,7.9007,6.3748,6.2933,5.8251,6.2419,4.9117,5.6598,5.3457,5.4783,5.1124,5.3788,7.0808,6.1725,5.4491,5.6352,9.6678,7.9561,8.0705,6.1617,5.3951,8.7089,6.8175,4.6279,4.9671,7.3355,7.2499,5.7729,5.7867,5.0344,5.9489,5.6482
4.9281,5.0365,6.9846,5.6573,6.6155,7.307,4.9761,6.7606,6.0762,5.447,6.6927,7.0996,6.1938,7.5049,6.908,9.6114,9.1756,8.7701,8.4799,7.7706,8.2754,7.2611,3.7667,7.1764,5.9809,5.7301,7.5824,7.818,8.0409,8.3563,7.2814,7.2272,7.7774,7.5457,6.2942,6.7084,7.0447,5.8499,5.6187,7.4436,6.5065,7.9524,7.7191,8.1555,5.696,5.4654,6.3917,6.031,7.6367,8.639,5.1692,8.5274,0,5.6294,8.0499,4.818,6.1699,6.8106,5.7847,6.9991,5.5925,6.8816,5.3434,4.5483,7.2528,6.1611,7.1442,6.4748,6.034,6.4147,5.1204,5.493,5.3091,5.2418,4.3864,5.511,6.4892,7.0381,5.202,4.3151,6.1557,7.4927,6.4921,6.9236,8.6997,7.4839,9.6908,6.415,6.9999,7.3803,4.6079,3.2462,3.8395,6.125,6.2067,5.0444,4.8525,6.1605,7.2252,7.1969
2.3906,2.8205,3.3275,2.1955,2.5012,3.6299,1.2673,2.812,2.4178,0,2.4901,2.6398,0,2.7176,2.354,4.3579,5.1811,5.4646,5.2454,5.4775,4.8961,4.4765,0,3.7745,3.1939,2.3639,4.0308,3.4871,4.9856,4.4368,4.5209,3.1115,4.111,3.8059,3.7579,4.0232,4.4292,4.5118,3.2677,2.6042,3.2154,3.5819,3.1305,3.7349,3.2508,3.9309,7.2248,4.4537,5.2078,6.09,3.3794,7.0685,5.6294,0,8.9527,3.4324,2.5518,4.7629,2.7161,7.097,0,3.7317,3.7796,0,5.9202,4.8873,3.8517,5.2287,7.5735,6.0574,4.2421,5.9193,5.4845,5.2356,3.5916,4.1788,1.5995,2.7284,0,3.6994,5.4895,3.5468,4.9893,4.9448,4.6766,5.1255,4.0595,4.1785,4.0263,9.4769,1.8847,1.4583,3.5952,5.4607,5.9504,4.4733,4.1042,2.0461,2.9791,2.6163
3.7532,3.76,4.2391,2.9869,3.8474,4.3742,3.5843,3.5822,3.2127,2.764,3.9696,3.7117,2.7931,4.2404,4.2051,6.8794,7.3568,8.7503,7.767,9.2137,8.6188,7.928,4.8881,6.9557,6.2317,6.5038,6.6585,6.3784,7.6506,7.0601,8.1491,6.0239,7.0441,6.3874,5.5534,6.0382,8.1418,7.5542,6.5269,5.0342,6.0951,6.2346,6.3089,6.6299,6.8735,8.351,9.2131,6.4939,7.1938,8.7441,7.2797,8.0194,8.0499,8.9527,0,7.4843,6.15,9.1305,4.8612,8.3618,6.257,5.6363,5.1064,3.2322,8.2789,7.4665,6.2464,7.0187,8.1494,7.66,6.5675,7.5944,7.4478,7.3938,6.7436,8.3274,3.8354,5.4784,7.5049,6.6882,9.1975,5.6224,7.1313,7.2048,5.9994,6.5294,6.1484,6.0551,5.9343,10.009,4.5013,4.2921,5.9815,7.8752,8.6108,0,0,4.8797,6.0022,5.5569
2.5413,5.3116,2.8255,1.7983,2.0066,2.3807,6.273,1.5919,1.7695,2.5736,2.4843,2.1622,2.7395,4.0845,3.1799,3.3801,3.6993,3.1157,2.9488,5.8101,3.0219,5.3197,8.478,0,4.0086,8.9801,2.6804,3.5361,4.6785,4.2121,6.0468,6.9677,7.738,4.647,2.8688,2.8111,3.1863,2.972,0,5.6725,2.0808,4.7857,7.8998,6.6341,4.7353,5.7733,7.6303,2.8831,3.388,4.2132,6.109,5.178,4.818,3.4324,7.4843,0,9.0579,9.4888,0,4.1163,5.6405,4.0777,3.1266,5.0193,3.9928,3.4521,2.9376,3.6771,3.5534,4.7671,5.1578,5.7247,6.3223,5.8732,5.6842,6.4195,5.4193,8.0958,8.7363,9.2264,9.1787,3.4054,3.3988,3.5977,3.3699,3.5858,2.9602,2.7384,2.3105,6.4833,6.9713,7.5791,7.397,8.4979,7.9091,0,0,7.7051,0,0
1.6333,2.9812,1.6524,0,1.7203,1.7665,3.2789,0,0,0,2.4426,1.8893,0,4.2318,3.3903,5.7529,5.8544,4.4758,5.0002,4.4628,4.1628,4.4994,8.9665,4.2975,3.3319,9.0043,2.9463,3.9803,5.5395,5.0745,6.3893,8.6066,8.9033,5.9641,2.7408,2.8136,5.0263,4.5468,0,6.3044,0,5.3454,9.3991,7.9085,3.957,5.999,6.26,3.2274,4.9873,6.5192,4.0374,4.5727,6.1699,2.5518,6.15,9.0579,0,8.5636,3.424,3.374,4.7303,3.0104,2.8604,3.557,5.6591,4.5665,0,4.1633,2.7422,4.0499,4.511,5.0259,5.4936,5.5468,4.9378,4.7357,5.3905,8.7601,7.1911,7.5323,8.1081,3.4049,3.5979,3.6034,3.8932,4.4656,4.9163,3.8828,3.7265,5.6948,5.6236,6.0459,5.7882,7.2604,7.2448,5.6484,5.8251,0,0,0
3.2983,3.9847,3.1769,1.8387,3.4565,3.0798,4.2106,2.396,0,2.4599,4.1165,3.2591,2.9835,4.9801,4.9681,3.8574,4.2468,4.8419,3.9044,8.2913,5.1587,7.8958,7.5891,5.0029,6.9398,9.1715,5.2324,6.0576,8.0247,6.7218,9.4735,8.0463,8.9657,6.9696,4.5747,4.758,4.8708,4.6267,3.9572,6.3702,4.4485,6.4531,8.5625,8.3252,8.5603,8.2826,9.3771,4.3493,4.1175,5.3243,8.4207,6.5007,6.8106,4.7629,9.1305,9.4888,8.5636,0,3.7766,5.1318,5.2078,4.1755,3.6492,4.1456,5.1801,5.0855,5.2737,4.9387,4.7906,5.5406,5.2819,6.2004,7.1503,6.3781,6.0598,7.9145,5.0741,6.3787,8.5494,7.6257,8.6619,5.454,4.8624,5.512,4.3442,4.6101,3.7887,3.8593,3.2246,7.2722,5.0395,5.0385,4.8927,7.5023,7.685,0,0,5.637,6.9848,7.2768
5.1008,5.3803,5.9732,4.8811,4.9385,5.7783,3.8935,5.1033,4.8168,4.1138,4.593,4.7971,3.9991,4.9144,4.1885,3.0691,3.5868,2.4729,2.7192,2.8893,2.2401,2.4879,0,2.1562,2.0785,2.0524,2.2337,2.2552,2.8919,2.5524,2.7705,2.1843,2.5924,1.9342,5.3427,4.5154,1.7072,1.9511,0,4.1764,2.0957,3.9261,3.7419,3.1405,2.1595,2.5948,4.0427,3.514,3.7077,3.5856,2.6798,7.9603,5.7847,2.7161,4.8612,0,3.424,3.7766,0,10.49,8.9743,8.4009,6.6363,5.1326,3.6411,2.6706,3.858,5.1915,6.1823,10.062,7.3594,5.5696,4.5631,5.1004,3.7454,3.8645,3.7989,4.3195,4.6805,0,5.6784,4.7857,3.9887,4.074,8.3475,7.2035,4.8317,4.8581,3.4392,7.3146,9.8608,6.7197,5.5803,7.8853,6.1548,3.9291,3.4402,4.3315,5.0536,4.2487
5.4878,5.7256,6.2818,5.189,5.2934,6.2124,3.9828,5.5166,5.0597,4.4814,5.0401,5.1554,4.227,5.2411,4.5791,4.8755,5.4158,5.5608,5.2927,5.5597,4.977,4.6967,2.0614,4.1353,3.7169,2.9265,4.5365,4.0951,5.4635,4.9216,5.0339,3.6987,4.6265,4.2988,5.7369,5.1954,4.2103,4.2666,3.2235,4.5535,3.4704,4.6834,4.3356,4.4559,3.7982,4.3399,6.6296,4.8561,5.3382,6.0134,3.9164,8.9914,6.9991,7.097,8.3618,4.1163,3.374,5.1318,10.49,0,9.1414,8.6672,6.8943,5.3003,5.7402,4.7374,4.615,6.0826,8.9584,10.495,7.3988,5.9359,5.8924,5.4829,3.8099,4.8443,4.0812,4.4445,4.3823,4.786,5.6817,5.322,5.211,5.2952,8.7184,7.6985,5.5813,5.5527,4.5796,9.6317,9.4956,5.9851,4.9752,7.3449,5.9806,4.3988,4.2198,4.2646,4.9149,4.4148
4.2777,4.6304,5.4048,4.2867,4.425,5.2665,3.8788,4.5837,4.2037,3.4877,4.0263,4.2996,3.4923,4.4604,3.7696,3.6525,3.9967,3.6719,3.6789,4.0618,3.5037,3.4479,3.6531,3.0884,2.8694,3.5745,3.3777,3.0637,4.1893,3.7237,4.2264,3.3892,3.9559,3.03,4.8044,4.3832,2.6639,2.9815,2.0731,3.8759,2.8089,3.894,4.4111,3.8822,3.4562,4.1052,5.1557,3.9753,3.9729,4.433,4.2377,7.0885,5.5925,0,6.257,5.6405,4.7303,5.2078,8.9743,9.1414,0,6.92,5.6569,4.045,4.2398,3.6434,3.9321,4.9541,6.6579,9.439,9.4392,7.6724,6.0202,7.717,6.1764,5.556,3.4507,4.8743,5.5878,6.5693,7.081,4.4863,4.269,4.4559,7.0795,6.3998,4.3342,4.4753,3.3991,7.45,9.2539,8.3369,6.3834,9.2846,7.9325,5.8842,5.2654,4.9568,5.7918,4.6824
8.8979,8.7684,7.9106,6.7332,6.9107,7.2482,7.0295,6.5349,6.5254,6.3204,6.2628,6.4437,5.8571,6.66,5.8434,4.1711,4.9426,3.7124,0,3.6691,3.2548,3.881,2.2318,3.6089,3.8043,2.2763,3.4191,3.851,4.1304,4.0166,3.8162,3.1287,3.5096,3.186,8.0302,6.2943,2.9788,2.8907,2.3219,5.7395,3.4127,5.452,4.8893,4.505,3.492,3.5492,4.5393,4.8919,5.3539,4.6975,3.6362,8.81,6.8816,3.7317,5.6363,4.0777,3.0104,4.1755,8.4009,8.6672,6.92,0,10.124,10.256,4.8891,3.8269,5.2912,7.2068,6.3406,7.3699,5.4474,4.9007,4.5479,4.4083,3.7182,4.9285,5.67,5.3673,4.1837,3.9806,4.7807,6.5214,5.9096,5.589,9.2661,8.533,5.8619,5.822,4.7518,6.4238,7.3975,4.3403,3.8261,5.9921,5.02,3.7897,3.3015,6.7048,6.1627,5.5857
